district_name, geo_longitude, geo_latitude, district_id,point_order
Altstadt,8.687816844,50.10836354,0,1
Altstadt,8.687768643,50.10956472,0,2
Altstadt,8.68799386,50.11058716,0,3
Altstadt,8.687995924,50.11229891,0,4
Altstadt,8.68763976,50.11478195,0,5
Altstadt,8.686305706,50.1147777,0,6
Altstadt,8.686189358,50.11422664,0,7
Altstadt,8.683346143,50.11418225,0,8
Altstadt,8.679900471,50.11291563,0,9
Altstadt,8.6793339,50.11278461,0,10
Altstadt,8.67948203,50.11244539,0,11
Altstadt,8.67868905,50.11216664,0,12
Altstadt,8.677879635,50.11158586,0,13
Altstadt,8.67768457,50.1108922,0,14
Altstadt,8.677679162,50.1103215,0,15
Altstadt,8.677352843,50.10970221,0,16
Altstadt,8.676335985,50.10943688,0,17
Altstadt,8.675736999,50.1092836,0,18
Altstadt,8.67488513,50.10917936,0,19
Altstadt,8.675868826,50.10745151,0,20
Altstadt,8.677010127,50.10631826,0,21
Altstadt,8.67897592,50.1071813,0,22
Altstadt,8.680859117,50.10769986,0,23
Altstadt,8.682931232,50.10803386,0,24
Altstadt,8.684848503,50.10826379,0,25
Altstadt,8.687816844,50.10836354,0,26
Schwanheim,8.687816844,50.10836354,1,1
Schwanheim,8.687768643,50.10956472,1,2
Schwanheim,8.68799386,50.11058716,1,3
Schwanheim,8.687995924,50.11229891,1,4
Schwanheim,8.68763976,50.11478195,1,5
Schwanheim,8.686305706,50.1147777,1,6
Schwanheim,8.686189358,50.11422664,1,7
Schwanheim,8.683346143,50.11418225,1,8
Schwanheim,8.679900471,50.11291563,1,9
Schwanheim,8.6793339,50.11278461,1,10
Schwanheim,8.67948203,50.11244539,1,11
Schwanheim,8.67868905,50.11216664,1,12
Schwanheim,8.677879635,50.11158586,1,13
Schwanheim,8.67768457,50.1108922,1,14
Schwanheim,8.677679162,50.1103215,1,15
Schwanheim,8.677352843,50.10970221,1,16
Schwanheim,8.676335985,50.10943688,1,17
Schwanheim,8.675736999,50.1092836,1,18
Schwanheim,8.67488513,50.10917936,1,19
Schwanheim,8.675868826,50.10745151,1,20
Schwanheim,8.677010127,50.10631826,1,21
Schwanheim,8.67897592,50.1071813,1,22
Schwanheim,8.680859117,50.10769986,1,23
Schwanheim,8.682931232,50.10803386,1,24
Schwanheim,8.684848503,50.10826379,1,25
Schwanheim,8.687816844,50.10836354,1,26
Bonames,8.687816844,50.10836354,2,1
Bonames,8.687768643,50.10956472,2,2
Bonames,8.68799386,50.11058716,2,3
Bonames,8.687995924,50.11229891,2,4
Bonames,8.68763976,50.11478195,2,5
Bonames,8.686305706,50.1147777,2,6
Bonames,8.686189358,50.11422664,2,7
Bonames,8.683346143,50.11418225,2,8
Bonames,8.679900471,50.11291563,2,9
Bonames,8.6793339,50.11278461,2,10
Bonames,8.67948203,50.11244539,2,11
Bonames,8.67868905,50.11216664,2,12
Bonames,8.677879635,50.11158586,2,13
Bonames,8.67768457,50.1108922,2,14
Bonames,8.677679162,50.1103215,2,15
Bonames,8.677352843,50.10970221,2,16
Bonames,8.676335985,50.10943688,2,17
Bonames,8.675736999,50.1092836,2,18
Bonames,8.67488513,50.10917936,2,19
Bonames,8.675868826,50.10745151,2,20
Bonames,8.677010127,50.10631826,2,21
Bonames,8.67897592,50.1071813,2,22
Bonames,8.680859117,50.10769986,2,23
Bonames,8.682931232,50.10803386,2,24
Bonames,8.684848503,50.10826379,2,25
Bonames,8.687816844,50.10836354,2,26
Eschersheim,8.687816844,50.10836354,3,1
Eschersheim,8.687768643,50.10956472,3,2
Eschersheim,8.68799386,50.11058716,3,3
Eschersheim,8.687995924,50.11229891,3,4
Eschersheim,8.68763976,50.11478195,3,5
Eschersheim,8.686305706,50.1147777,3,6
Eschersheim,8.686189358,50.11422664,3,7
Eschersheim,8.683346143,50.11418225,3,8
Eschersheim,8.679900471,50.11291563,3,9
Eschersheim,8.6793339,50.11278461,3,10
Eschersheim,8.67948203,50.11244539,3,11
Eschersheim,8.67868905,50.11216664,3,12
Eschersheim,8.677879635,50.11158586,3,13
Eschersheim,8.67768457,50.1108922,3,14
Eschersheim,8.677679162,50.1103215,3,15
Eschersheim,8.677352843,50.10970221,3,16
Eschersheim,8.676335985,50.10943688,3,17
Eschersheim,8.675736999,50.1092836,3,18
Eschersheim,8.67488513,50.10917936,3,19
Eschersheim,8.675868826,50.10745151,3,20
Eschersheim,8.677010127,50.10631826,3,21
Eschersheim,8.67897592,50.1071813,3,22
Eschersheim,8.680859117,50.10769986,3,23
Eschersheim,8.682931232,50.10803386,3,24
Eschersheim,8.684848503,50.10826379,3,25
Eschersheim,8.687816844,50.10836354,3,26
Frankfurter Berg,8.687816844,50.10836354,4,1
Frankfurter Berg,8.687768643,50.10956472,4,2
Frankfurter Berg,8.68799386,50.11058716,4,3
Frankfurter Berg,8.687995924,50.11229891,4,4
Frankfurter Berg,8.68763976,50.11478195,4,5
Frankfurter Berg,8.686305706,50.1147777,4,6
Frankfurter Berg,8.686189358,50.11422664,4,7
Frankfurter Berg,8.683346143,50.11418225,4,8
Frankfurter Berg,8.679900471,50.11291563,4,9
Frankfurter Berg,8.6793339,50.11278461,4,10
Frankfurter Berg,8.67948203,50.11244539,4,11
Frankfurter Berg,8.67868905,50.11216664,4,12
Frankfurter Berg,8.677879635,50.11158586,4,13
Frankfurter Berg,8.67768457,50.1108922,4,14
Frankfurter Berg,8.677679162,50.1103215,4,15
Frankfurter Berg,8.677352843,50.10970221,4,16
Frankfurter Berg,8.676335985,50.10943688,4,17
Frankfurter Berg,8.675736999,50.1092836,4,18
Frankfurter Berg,8.67488513,50.10917936,4,19
Frankfurter Berg,8.675868826,50.10745151,4,20
Frankfurter Berg,8.677010127,50.10631826,4,21
Frankfurter Berg,8.67897592,50.1071813,4,22
Frankfurter Berg,8.680859117,50.10769986,4,23
Frankfurter Berg,8.682931232,50.10803386,4,24
Frankfurter Berg,8.684848503,50.10826379,4,25
Frankfurter Berg,8.687816844,50.10836354,4,26
Gutleutviertel,8.687816844,50.10836354,5,1
Gutleutviertel,8.687768643,50.10956472,5,2
Gutleutviertel,8.68799386,50.11058716,5,3
Gutleutviertel,8.687995924,50.11229891,5,4
Gutleutviertel,8.68763976,50.11478195,5,5
Gutleutviertel,8.686305706,50.1147777,5,6
Gutleutviertel,8.686189358,50.11422664,5,7
Gutleutviertel,8.683346143,50.11418225,5,8
Gutleutviertel,8.679900471,50.11291563,5,9
Gutleutviertel,8.6793339,50.11278461,5,10
Gutleutviertel,8.67948203,50.11244539,5,11
Gutleutviertel,8.67868905,50.11216664,5,12
Gutleutviertel,8.677879635,50.11158586,5,13
Gutleutviertel,8.67768457,50.1108922,5,14
Gutleutviertel,8.677679162,50.1103215,5,15
Gutleutviertel,8.677352843,50.10970221,5,16
Gutleutviertel,8.676335985,50.10943688,5,17
Gutleutviertel,8.675736999,50.1092836,5,18
Gutleutviertel,8.67488513,50.10917936,5,19
Gutleutviertel,8.675868826,50.10745151,5,20
Gutleutviertel,8.677010127,50.10631826,5,21
Gutleutviertel,8.67897592,50.1071813,5,22
Gutleutviertel,8.680859117,50.10769986,5,23
Gutleutviertel,8.682931232,50.10803386,5,24
Gutleutviertel,8.684848503,50.10826379,5,25
Gutleutviertel,8.687816844,50.10836354,5,26
Nieder-Eschbach,8.687816844,50.10836354,6,1
Nieder-Eschbach,8.687768643,50.10956472,6,2
Nieder-Eschbach,8.68799386,50.11058716,6,3
Nieder-Eschbach,8.687995924,50.11229891,6,4
Nieder-Eschbach,8.68763976,50.11478195,6,5
Nieder-Eschbach,8.686305706,50.1147777,6,6
Nieder-Eschbach,8.686189358,50.11422664,6,7
Nieder-Eschbach,8.683346143,50.11418225,6,8
Nieder-Eschbach,8.679900471,50.11291563,6,9
Nieder-Eschbach,8.6793339,50.11278461,6,10
Nieder-Eschbach,8.67948203,50.11244539,6,11
Nieder-Eschbach,8.67868905,50.11216664,6,12
Nieder-Eschbach,8.677879635,50.11158586,6,13
Nieder-Eschbach,8.67768457,50.1108922,6,14
Nieder-Eschbach,8.677679162,50.1103215,6,15
Nieder-Eschbach,8.677352843,50.10970221,6,16
Nieder-Eschbach,8.676335985,50.10943688,6,17
Nieder-Eschbach,8.675736999,50.1092836,6,18
Nieder-Eschbach,8.67488513,50.10917936,6,19
Nieder-Eschbach,8.675868826,50.10745151,6,20
Nieder-Eschbach,8.677010127,50.10631826,6,21
Nieder-Eschbach,8.67897592,50.1071813,6,22
Nieder-Eschbach,8.680859117,50.10769986,6,23
Nieder-Eschbach,8.682931232,50.10803386,6,24
Nieder-Eschbach,8.684848503,50.10826379,6,25
Nieder-Eschbach,8.687816844,50.10836354,6,26
Griesheim,8.687816844,50.10836354,7,1
Griesheim,8.687768643,50.10956472,7,2
Griesheim,8.68799386,50.11058716,7,3
Griesheim,8.687995924,50.11229891,7,4
Griesheim,8.68763976,50.11478195,7,5
Griesheim,8.686305706,50.1147777,7,6
Griesheim,8.686189358,50.11422664,7,7
Griesheim,8.683346143,50.11418225,7,8
Griesheim,8.679900471,50.11291563,7,9
Griesheim,8.6793339,50.11278461,7,10
Griesheim,8.67948203,50.11244539,7,11
Griesheim,8.67868905,50.11216664,7,12
Griesheim,8.677879635,50.11158586,7,13
Griesheim,8.67768457,50.1108922,7,14
Griesheim,8.677679162,50.1103215,7,15
Griesheim,8.677352843,50.10970221,7,16
Griesheim,8.676335985,50.10943688,7,17
Griesheim,8.675736999,50.1092836,7,18
Griesheim,8.67488513,50.10917936,7,19
Griesheim,8.675868826,50.10745151,7,20
Griesheim,8.677010127,50.10631826,7,21
Griesheim,8.67897592,50.1071813,7,22
Griesheim,8.680859117,50.10769986,7,23
Griesheim,8.682931232,50.10803386,7,24
Griesheim,8.684848503,50.10826379,7,25
Griesheim,8.687816844,50.10836354,7,26
Bahnhofsviertel,8.687816844,50.10836354,8,1
Bahnhofsviertel,8.687768643,50.10956472,8,2
Bahnhofsviertel,8.68799386,50.11058716,8,3
Bahnhofsviertel,8.687995924,50.11229891,8,4
Bahnhofsviertel,8.68763976,50.11478195,8,5
Bahnhofsviertel,8.686305706,50.1147777,8,6
Bahnhofsviertel,8.686189358,50.11422664,8,7
Bahnhofsviertel,8.683346143,50.11418225,8,8
Bahnhofsviertel,8.679900471,50.11291563,8,9
Bahnhofsviertel,8.6793339,50.11278461,8,10
Bahnhofsviertel,8.67948203,50.11244539,8,11
Bahnhofsviertel,8.67868905,50.11216664,8,12
Bahnhofsviertel,8.677879635,50.11158586,8,13
Bahnhofsviertel,8.67768457,50.1108922,8,14
Bahnhofsviertel,8.677679162,50.1103215,8,15
Bahnhofsviertel,8.677352843,50.10970221,8,16
Bahnhofsviertel,8.676335985,50.10943688,8,17
Bahnhofsviertel,8.675736999,50.1092836,8,18
Bahnhofsviertel,8.67488513,50.10917936,8,19
Bahnhofsviertel,8.675868826,50.10745151,8,20
Bahnhofsviertel,8.677010127,50.10631826,8,21
Bahnhofsviertel,8.67897592,50.1071813,8,22
Bahnhofsviertel,8.680859117,50.10769986,8,23
Bahnhofsviertel,8.682931232,50.10803386,8,24
Bahnhofsviertel,8.684848503,50.10826379,8,25
Bahnhofsviertel,8.687816844,50.10836354,8,26
Sachsenhausen-Süd (mit Flughafen),8.687816844,50.10836354,9,1
Sachsenhausen-Süd (mit Flughafen),8.687768643,50.10956472,9,2
Sachsenhausen-Süd (mit Flughafen),8.68799386,50.11058716,9,3
Sachsenhausen-Süd (mit Flughafen),8.687995924,50.11229891,9,4
Sachsenhausen-Süd (mit Flughafen),8.68763976,50.11478195,9,5
Sachsenhausen-Süd (mit Flughafen),8.686305706,50.1147777,9,6
Sachsenhausen-Süd (mit Flughafen),8.686189358,50.11422664,9,7
Sachsenhausen-Süd (mit Flughafen),8.683346143,50.11418225,9,8
Sachsenhausen-Süd (mit Flughafen),8.679900471,50.11291563,9,9
Sachsenhausen-Süd (mit Flughafen),8.6793339,50.11278461,9,10
Sachsenhausen-Süd (mit Flughafen),8.67948203,50.11244539,9,11
Sachsenhausen-Süd (mit Flughafen),8.67868905,50.11216664,9,12
Sachsenhausen-Süd (mit Flughafen),8.677879635,50.11158586,9,13
Sachsenhausen-Süd (mit Flughafen),8.67768457,50.1108922,9,14
Sachsenhausen-Süd (mit Flughafen),8.677679162,50.1103215,9,15
Sachsenhausen-Süd (mit Flughafen),8.677352843,50.10970221,9,16
Sachsenhausen-Süd (mit Flughafen),8.676335985,50.10943688,9,17
Sachsenhausen-Süd (mit Flughafen),8.675736999,50.1092836,9,18
Sachsenhausen-Süd (mit Flughafen),8.67488513,50.10917936,9,19
Sachsenhausen-Süd (mit Flughafen),8.675868826,50.10745151,9,20
Sachsenhausen-Süd (mit Flughafen),8.677010127,50.10631826,9,21
Sachsenhausen-Süd (mit Flughafen),8.67897592,50.1071813,9,22
Sachsenhausen-Süd (mit Flughafen),8.680859117,50.10769986,9,23
Sachsenhausen-Süd (mit Flughafen),8.682931232,50.10803386,9,24
Sachsenhausen-Süd (mit Flughafen),8.684848503,50.10826379,9,25
Sachsenhausen-Süd (mit Flughafen),8.687816844,50.10836354,9,26
Sachsenhausen-Nord,8.653738928,50.09580511,10,1
Sachsenhausen-Nord,8.654879121,50.09480159,10,2
Sachsenhausen-Nord,8.655600748,50.09416888,10,3
Sachsenhausen-Nord,8.65658651,50.09365699,10,4
Sachsenhausen-Nord,8.657699873,50.09327298,10,5
Sachsenhausen-Nord,8.658674073,50.09303293,10,6
Sachsenhausen-Nord,8.660032754,50.09280014,10,7
Sachsenhausen-Nord,8.660598313,50.09275256,10,8
Sachsenhausen-Nord,8.661459359,50.09255068,10,9
Sachsenhausen-Nord,8.662561404,50.09228387,10,10
Sachsenhausen-Nord,8.663652988,50.09168412,10,11
Sachsenhausen-Nord,8.664512778,50.09134134,10,12
Sachsenhausen-Nord,8.665442825,50.09083294,10,13
Sachsenhausen-Nord,8.666022062,50.09052662,10,14
Sachsenhausen-Nord,8.666679061,50.09020968,10,15
Sachsenhausen-Nord,8.668687712,50.08837527,10,16
Sachsenhausen-Nord,8.681058642,50.09517189,10,17
Sachsenhausen-Nord,8.682824338,50.09574539,10,18
Sachsenhausen-Nord,8.685192066,50.0973496,10,19
Sachsenhausen-Nord,8.689442768,50.09971405,10,20
Sachsenhausen-Nord,8.692279015,50.10090501,10,21
Sachsenhausen-Nord,8.697001558,50.10231865,10,22
Sachsenhausen-Nord,8.698640691,50.10224235,10,23
Sachsenhausen-Nord,8.704755024,50.09923929,10,24
Sachsenhausen-Nord,8.705823398,50.09888767,10,25
Sachsenhausen-Nord,8.70825262,50.09906484,10,26
Sachsenhausen-Nord,8.715452845,50.099449,10,27
Sachsenhausen-Nord,8.715120791,50.10145913,10,28
Sachsenhausen-Nord,8.718087662,50.10245795,10,29
Sachsenhausen-Nord,8.717488127,50.10628085,10,30
Sachsenhausen-Nord,8.714632969,50.10604102,10,31
Sachsenhausen-Nord,8.712028493,50.1062065,10,32
Sachsenhausen-Nord,8.709357545,50.10636236,10,33
Sachsenhausen-Nord,8.705718112,50.10654763,10,34
Sachsenhausen-Nord,8.698656666,50.10699107,10,35
Sachsenhausen-Nord,8.694836131,50.10731885,10,36
Sachsenhausen-Nord,8.688581941,50.10825316,10,37
Sachsenhausen-Nord,8.68760848,50.10837442,10,38
Sachsenhausen-Nord,8.684785136,50.10824646,10,39
Sachsenhausen-Nord,8.682259437,50.10792666,10,40
Sachsenhausen-Nord,8.680879369,50.10772345,10,41
Sachsenhausen-Nord,8.678943798,50.10714732,10,42
Sachsenhausen-Nord,8.674752046,50.10543446,10,43
Sachsenhausen-Nord,8.672038266,50.10391236,10,44
Sachsenhausen-Nord,8.669545573,50.10247997,10,45
Sachsenhausen-Nord,8.666980294,50.10100704,10,46
Sachsenhausen-Nord,8.664946763,50.09984333,10,47
Sachsenhausen-Nord,8.662850061,50.09872134,10,48
Sachsenhausen-Nord,8.660805058,50.09778129,10,49
Sachsenhausen-Nord,8.659237018,50.09718944,10,50
Sachsenhausen-Nord,8.657260937,50.09660011,10,51
Sachsenhausen-Nord,8.654454511,50.09596664,10,52
Sachsenhausen-Nord,8.653738928,50.09580511,10,53
Eckenheim,8.693815408,50.13986365,11,1
Eckenheim,8.692851703,50.14210235,11,2
Eckenheim,8.696201098,50.14286552,11,3
Eckenheim,8.692695202,50.14560869,11,4
Eckenheim,8.691954179,50.14753458,11,5
Eckenheim,8.691901811,50.14900093,11,6
Eckenheim,8.691124537,50.15128403,11,7
Eckenheim,8.689887391,50.15109113,11,8
Eckenheim,8.68804033,50.15379948,11,9
Eckenheim,8.686818841,50.15368924,11,10
Eckenheim,8.685979701,50.15513375,11,11
Eckenheim,8.683744309,50.15672523,11,12
Eckenheim,8.683630869,50.15673264,11,13
Eckenheim,8.681430105,50.15706608,11,14
Eckenheim,8.6816871,50.15966415,11,15
Eckenheim,8.680593693,50.1607676,11,16
Eckenheim,8.677809463,50.16289229,11,17
Eckenheim,8.67618502,50.16398796,11,18
Eckenheim,8.675210122,50.16382381,11,19
Eckenheim,8.674329323,50.163605,11,20
Eckenheim,8.672906965,50.16309829,11,21
Eckenheim,8.673754918,50.16222968,11,22
Eckenheim,8.673636706,50.16193565,11,23
Eckenheim,8.672420362,50.1621436,11,24
Eckenheim,8.672682052,50.16144922,11,25
Eckenheim,8.6723955,50.16140813,11,26
Eckenheim,8.675462261,50.16007825,11,27
Eckenheim,8.67645676,50.15952514,11,28
Eckenheim,8.677003265,50.15886745,11,29
Eckenheim,8.677169957,50.15815252,11,30
Eckenheim,8.676130667,50.15621087,11,31
Eckenheim,8.674915527,50.15409627,11,32
Eckenheim,8.674895967,50.1525121,11,33
Eckenheim,8.675221408,50.15133147,11,34
Eckenheim,8.675834477,50.14985731,11,35
Eckenheim,8.677216499,50.14838076,11,36
Eckenheim,8.67891323,50.1472895,11,37
Eckenheim,8.677627314,50.14613839,11,38
Eckenheim,8.676813727,50.14474738,11,39
Eckenheim,8.676680996,50.14326409,11,40
Eckenheim,8.677229896,50.14122225,11,41
Eckenheim,8.677563009,50.14066799,11,42
Eckenheim,8.683515068,50.14199626,11,43
Eckenheim,8.684823941,50.13882877,11,44
Eckenheim,8.692856397,50.13972892,11,45
Eckenheim,8.693815408,50.13986365,11,46
Hausen,8.621906813,50.12929927,12,1
Hausen,8.622475596,50.12986777,12,2
Hausen,8.622184734,50.129668,12,3
Hausen,8.623880334,50.12925805,12,4
Hausen,8.628225633,50.12965353,12,5
Hausen,8.629590143,50.12910255,12,6
Hausen,8.629636073,50.13015638,12,7
Hausen,8.633048825,50.1309953,12,8
Hausen,8.633530096,50.13226375,12,9
Hausen,8.632776589,50.13462864,12,10
Hausen,8.635038055,50.13425637,12,11
Hausen,8.635213057,50.13565985,12,12
Hausen,8.634612083,50.13679898,12,13
Hausen,8.635911872,50.13740002,12,14
Hausen,8.6352124,50.13751287,12,15
Hausen,8.635163829,50.13792558,12,16
Hausen,8.634373965,50.13820845,12,17
Hausen,8.634104242,50.13871559,12,18
Hausen,8.633852584,50.13903061,12,19
Hausen,8.633116358,50.13925882,12,20
Hausen,8.632516259,50.13975386,12,21
Hausen,8.631699487,50.13997632,12,22
Hausen,8.629449622,50.14001369,12,23
Hausen,8.624516056,50.14055087,12,24
Hausen,8.624489382,50.14020955,12,25
Hausen,8.623223983,50.14014974,12,26
Hausen,8.619417916,50.13998526,12,27
Hausen,8.619369966,50.14064972,12,28
Hausen,8.617785842,50.14054893,12,29
Hausen,8.61724746,50.13944271,12,30
Hausen,8.617386922,50.13766011,12,31
Hausen,8.617815091,50.13668118,12,32
Hausen,8.620780265,50.13335586,12,33
Hausen,8.62163609,50.13198318,12,34
Hausen,8.621025083,50.13141225,12,35
Hausen,8.620560567,50.13095742,12,36
Hausen,8.619952826,50.13041851,12,37
Hausen,8.619838306,50.12994883,12,38
Hausen,8.619693553,50.12951286,12,39
Hausen,8.619220786,50.12827951,12,40
Hausen,8.619027375,50.12764232,12,41
Hausen,8.621666607,50.12704227,12,42
Hausen,8.621906813,50.12929927,12,43
Nieder-Erlenbach,8.682066516,50.21246053,13,1
Nieder-Erlenbach,8.681204624,50.21194874,13,2
Nieder-Erlenbach,8.682728168,50.2105723,13,3
Nieder-Erlenbach,8.681405392,50.20976336,13,4
Nieder-Erlenbach,8.684723157,50.20608487,13,5
Nieder-Erlenbach,8.688582942,50.20163619,13,6
Nieder-Erlenbach,8.692641878,50.19905685,13,7
Nieder-Erlenbach,8.694596767,50.19743887,13,8
Nieder-Erlenbach,8.698736743,50.19560012,13,9
Nieder-Erlenbach,8.702110188,50.19377174,13,10
Nieder-Erlenbach,8.702892214,50.19332347,13,11
Nieder-Erlenbach,8.703784308,50.19276809,13,12
Nieder-Erlenbach,8.705495757,50.1917474,13,13
Nieder-Erlenbach,8.706298779,50.19209069,13,14
Nieder-Erlenbach,8.711895156,50.19447185,13,15
Nieder-Erlenbach,8.713911732,50.19438916,13,16
Nieder-Erlenbach,8.716875457,50.19515595,13,17
Nieder-Erlenbach,8.71941438,50.19657853,13,18
Nieder-Erlenbach,8.720713143,50.19862401,13,19
Nieder-Erlenbach,8.724228459,50.20025136,13,20
Nieder-Erlenbach,8.730165787,50.20244118,13,21
Nieder-Erlenbach,8.731182557,50.20337195,13,22
Nieder-Erlenbach,8.73152484,50.20472641,13,23
Nieder-Erlenbach,8.73137201,50.20626791,13,24
Nieder-Erlenbach,8.730760359,50.20773512,13,25
Nieder-Erlenbach,8.730558757,50.20930392,13,26
Nieder-Erlenbach,8.73075342,50.21046586,13,27
Nieder-Erlenbach,8.73082256,50.21086894,13,28
Nieder-Erlenbach,8.733838393,50.21118273,13,29
Nieder-Erlenbach,8.735178403,50.21135599,13,30
Nieder-Erlenbach,8.734054534,50.21405155,13,31
Nieder-Erlenbach,8.734495615,50.21454591,13,32
Nieder-Erlenbach,8.73499631,50.21557257,13,33
Nieder-Erlenbach,8.732117906,50.21586231,13,34
Nieder-Erlenbach,8.731956669,50.21674981,13,35
Nieder-Erlenbach,8.731235856,50.21765311,13,36
Nieder-Erlenbach,8.729901182,50.21798978,13,37
Nieder-Erlenbach,8.727786136,50.21881497,13,38
Nieder-Erlenbach,8.725561517,50.21954171,13,39
Nieder-Erlenbach,8.724270895,50.2199324,13,40
Nieder-Erlenbach,8.72381008,50.22064437,13,41
Nieder-Erlenbach,8.723500777,50.22121301,13,42
Nieder-Erlenbach,8.722334737,50.22136594,13,43
Nieder-Erlenbach,8.721081735,50.22233247,13,44
Nieder-Erlenbach,8.720338806,50.22333285,13,45
Nieder-Erlenbach,8.719329375,50.22508534,13,46
Nieder-Erlenbach,8.716378527,50.224312,13,47
Nieder-Erlenbach,8.715803068,50.22553216,13,48
Nieder-Erlenbach,8.715580454,50.22583713,13,49
Nieder-Erlenbach,8.712890869,50.22505786,13,50
Nieder-Erlenbach,8.712418381,50.22698155,13,51
Nieder-Erlenbach,8.710870295,50.22644408,13,52
Nieder-Erlenbach,8.709683084,50.2258079,13,53
Nieder-Erlenbach,8.710275924,50.22296775,13,54
Nieder-Erlenbach,8.710933031,50.22211921,13,55
Nieder-Erlenbach,8.708446742,50.22076376,13,56
Nieder-Erlenbach,8.706411764,50.21952012,13,57
Nieder-Erlenbach,8.704381619,50.21854093,13,58
Nieder-Erlenbach,8.702615638,50.21765406,13,59
Nieder-Erlenbach,8.701749253,50.21721307,13,60
Nieder-Erlenbach,8.700594833,50.21792511,13,61
Nieder-Erlenbach,8.698586375,50.21707439,13,62
Nieder-Erlenbach,8.695278892,50.21621826,13,63
Nieder-Erlenbach,8.69407474,50.21672078,13,64
Nieder-Erlenbach,8.692998991,50.21594207,13,65
Nieder-Erlenbach,8.691555347,50.21666525,13,66
Nieder-Erlenbach,8.690576097,50.21546602,13,67
Nieder-Erlenbach,8.687072368,50.21380871,13,68
Nieder-Erlenbach,8.6868475,50.21402917,13,69
Nieder-Erlenbach,8.68556717,50.21522951,13,70
Nieder-Erlenbach,8.683186857,50.21323314,13,71
Nieder-Erlenbach,8.682126619,50.21256388,13,72
Nieder-Erlenbach,8.682066516,50.21246053,13,73
Rödelheim,8.580827116,50.13441087,14,1
Rödelheim,8.582092,50.13266926,14,2
Rödelheim,8.583222442,50.131567,14,3
Rödelheim,8.584196953,50.13079984,14,4
Rödelheim,8.587276563,50.12977071,14,5
Rödelheim,8.590410666,50.12851583,14,6
Rödelheim,8.591230655,50.12623061,14,7
Rödelheim,8.594405392,50.1215574,14,8
Rödelheim,8.595849137,50.11939778,14,9
Rödelheim,8.599414578,50.11389261,14,10
Rödelheim,8.601166458,50.11541808,14,11
Rödelheim,8.602346284,50.11617982,14,12
Rödelheim,8.604296138,50.11673831,14,13
Rödelheim,8.604976703,50.11692258,14,14
Rödelheim,8.608241723,50.11706689,14,15
Rödelheim,8.610511899,50.11613312,14,16
Rödelheim,8.611000131,50.11662227,14,17
Rödelheim,8.611922428,50.11688001,14,18
Rödelheim,8.61308569,50.11737371,14,19
Rödelheim,8.614870109,50.11903304,14,20
Rödelheim,8.617564094,50.11930871,14,21
Rödelheim,8.621204462,50.12072921,14,22
Rödelheim,8.621460775,50.12417812,14,23
Rödelheim,8.621643945,50.12703888,14,24
Rödelheim,8.618996302,50.12765419,14,25
Rödelheim,8.619767862,50.12978728,14,26
Rödelheim,8.619954824,50.13038618,14,27
Rödelheim,8.621632946,50.13197586,14,28
Rödelheim,8.621017704,50.13305062,14,29
Rödelheim,8.618174683,50.13632912,14,30
Rödelheim,8.617295752,50.13611911,14,31
Rödelheim,8.616568248,50.13608423,14,32
Rödelheim,8.615930682,50.13622419,14,33
Rödelheim,8.615487036,50.13584693,14,34
Rödelheim,8.617108779,50.13388041,14,35
Rödelheim,8.615805295,50.13340447,14,36
Rödelheim,8.614488803,50.13295437,14,37
Rödelheim,8.613418127,50.13264123,14,38
Rödelheim,8.61081334,50.13202599,14,39
Rödelheim,8.608996972,50.13180535,14,40
Rödelheim,8.606932064,50.13172246,14,41
Rödelheim,8.605069737,50.13197478,14,42
Rödelheim,8.604559395,50.13320491,14,43
Rödelheim,8.603949559,50.1351149,14,44
Rödelheim,8.602890329,50.13630131,14,45
Rödelheim,8.59892965,50.13974575,14,46
Rödelheim,8.597493505,50.14128379,14,47
Rödelheim,8.59619642,50.14092826,14,48
Rödelheim,8.593208504,50.13973891,14,49
Rödelheim,8.590191196,50.13839065,14,50
Rödelheim,8.585774736,50.13677258,14,51
Rödelheim,8.583647045,50.1358589,14,52
Rödelheim,8.580827116,50.13441087,14,53
Zeilsheim,8.500079515,50.1094179,15,1
Zeilsheim,8.496387376,50.10666173,15,2
Zeilsheim,8.495481536,50.1065295,15,3
Zeilsheim,8.494440234,50.10655056,15,4
Zeilsheim,8.491457285,50.10845264,15,5
Zeilsheim,8.491420636,50.10671267,15,6
Zeilsheim,8.486193796,50.10838789,15,7
Zeilsheim,8.481247327,50.10989696,15,8
Zeilsheim,8.477683925,50.10996337,15,9
Zeilsheim,8.475708888,50.10864926,15,10
Zeilsheim,8.475698505,50.10797947,15,11
Zeilsheim,8.476422281,50.10788437,15,12
Zeilsheim,8.478601737,50.10655033,15,13
Zeilsheim,8.479877314,50.10575729,15,14
Zeilsheim,8.47992222,50.10464509,15,15
Zeilsheim,8.478048768,50.1031063,15,16
Zeilsheim,8.47658925,50.10197603,15,17
Zeilsheim,8.475433067,50.10118556,15,18
Zeilsheim,8.473578275,50.1012371,15,19
Zeilsheim,8.471432546,50.09842068,15,20
Zeilsheim,8.478421112,50.09520693,15,21
Zeilsheim,8.480345108,50.09398247,15,22
Zeilsheim,8.479586792,50.09357171,15,23
Zeilsheim,8.481790059,50.09232535,15,24
Zeilsheim,8.48028841,50.09064135,15,25
Zeilsheim,8.482951477,50.08969725,15,26
Zeilsheim,8.482449916,50.08851027,15,27
Zeilsheim,8.484906863,50.08732736,15,28
Zeilsheim,8.48519827,50.08619399,15,29
Zeilsheim,8.486661926,50.08554197,15,30
Zeilsheim,8.487426731,50.08451747,15,31
Zeilsheim,8.487983092,50.08393157,15,32
Zeilsheim,8.48934665,50.083553,15,33
Zeilsheim,8.490406878,50.08338125,15,34
Zeilsheim,8.491854697,50.08359498,15,35
Zeilsheim,8.495165392,50.08455333,15,36
Zeilsheim,8.494696828,50.08492312,15,37
Zeilsheim,8.500745347,50.08668743,15,38
Zeilsheim,8.499654557,50.08779776,15,39
Zeilsheim,8.499075335,50.08839918,15,40
Zeilsheim,8.501722057,50.08910382,15,41
Zeilsheim,8.505045822,50.0899855,15,42
Zeilsheim,8.516475256,50.09290441,15,43
Zeilsheim,8.52009087,50.09407992,15,44
Zeilsheim,8.523125749,50.09549955,15,45
Zeilsheim,8.524428698,50.09614393,15,46
Zeilsheim,8.523128567,50.09718622,15,47
Zeilsheim,8.522755153,50.09732242,15,48
Zeilsheim,8.521405288,50.09746424,15,49
Zeilsheim,8.518727172,50.09750564,15,50
Zeilsheim,8.515110888,50.09752519,15,51
Zeilsheim,8.51688308,50.10079509,15,52
Zeilsheim,8.515736636,50.10133012,15,53
Zeilsheim,8.514142972,50.1010696,15,54
Zeilsheim,8.508454338,50.10453979,15,55
Zeilsheim,8.506733468,50.10425292,15,56
Zeilsheim,8.500687118,50.10892438,15,57
Zeilsheim,8.500079515,50.1094179,15,58
Gallus,8.620556023,50.1077773,16,1
Gallus,8.618168335,50.10767134,16,2
Gallus,8.61731603,50.10776656,16,3
Gallus,8.615876504,50.10725627,16,4
Gallus,8.614142187,50.10690012,16,5
Gallus,8.616304863,50.1004253,16,6
Gallus,8.616304137,50.10022405,16,7
Gallus,8.622781019,50.09319234,16,8
Gallus,8.627422184,50.09308752,16,9
Gallus,8.629651068,50.09239098,16,10
Gallus,8.631597352,50.09249798,16,11
Gallus,8.634085157,50.09301247,16,12
Gallus,8.637896751,50.09564173,16,13
Gallus,8.640388813,50.09693517,16,14
Gallus,8.640094911,50.09723857,16,15
Gallus,8.639918817,50.09741165,16,16
Gallus,8.638512313,50.09732823,16,17
Gallus,8.636549165,50.09734179,16,18
Gallus,8.649810244,50.10264551,16,19
Gallus,8.652095237,50.1035776,16,20
Gallus,8.657547327,50.10575177,16,21
Gallus,8.658700009,50.1038927,16,22
Gallus,8.665253205,50.10617734,16,23
Gallus,8.665407239,50.10678149,16,24
Gallus,8.665164783,50.10738265,16,25
Gallus,8.664238301,50.10802923,16,26
Gallus,8.663183647,50.10835714,16,27
Gallus,8.65435168,50.11204066,16,28
Gallus,8.654216484,50.11085647,16,29
Gallus,8.649935798,50.11057517,16,30
Gallus,8.650087274,50.10963065,16,31
Gallus,8.647223143,50.10940896,16,32
Gallus,8.645485156,50.10930113,16,33
Gallus,8.64383824,50.10918765,16,34
Gallus,8.635112341,50.10883773,16,35
Gallus,8.634938032,50.11035707,16,36
Gallus,8.62818738,50.11010662,16,37
Gallus,8.62615613,50.11004013,16,38
Gallus,8.623494878,50.10831481,16,39
Gallus,8.623034641,50.10818249,16,40
Gallus,8.622445367,50.10802291,16,41
Gallus,8.620556023,50.1077773,16,42
Innenstadt,8.694893891,50.10731223,17,1
Innenstadt,8.694081186,50.11021601,17,2
Innenstadt,8.694458813,50.11122253,17,3
Innenstadt,8.695746884,50.11228253,17,4
Innenstadt,8.694903565,50.11344131,17,5
Innenstadt,8.694835341,50.11388297,17,6
Innenstadt,8.695496172,50.11569659,17,7
Innenstadt,8.69513339,50.11605307,17,8
Innenstadt,8.693342438,50.11655907,17,9
Innenstadt,8.692096579,50.11732504,17,10
Innenstadt,8.691576128,50.11832772,17,11
Innenstadt,8.689367463,50.11817402,17,12
Innenstadt,8.687440949,50.11967604,17,13
Innenstadt,8.686805659,50.11999333,17,14
Innenstadt,8.686176184,50.1199519,17,15
Innenstadt,8.685534303,50.11970685,17,16
Innenstadt,8.684040984,50.11897769,17,17
Innenstadt,8.683307603,50.11881806,17,18
Innenstadt,8.682681899,50.11876503,17,19
Innenstadt,8.680935821,50.1191441,17,20
Innenstadt,8.679949956,50.11805333,17,21
Innenstadt,8.678282749,50.11773157,17,22
Innenstadt,8.676461663,50.11812375,17,23
Innenstadt,8.674758254,50.11691592,17,24
Innenstadt,8.672714964,50.11670842,17,25
Innenstadt,8.671175045,50.11671977,17,26
Innenstadt,8.671083254,50.11520244,17,27
Innenstadt,8.669339673,50.11235218,17,28
Innenstadt,8.672903038,50.10821235,17,29
Innenstadt,8.673557396,50.10678956,17,30
Innenstadt,8.67480814,50.1054413,17,31
Innenstadt,8.676994948,50.10632333,17,32
Innenstadt,8.675808061,50.1075653,17,33
Innenstadt,8.674879164,50.10918037,17,34
Innenstadt,8.675735684,50.10928672,17,35
Innenstadt,8.67735479,50.1097032,17,36
Innenstadt,8.677671307,50.11031803,17,37
Innenstadt,8.677695049,50.11089839,17,38
Innenstadt,8.67787554,50.11158838,17,39
Innenstadt,8.678762598,50.11217767,17,40
Innenstadt,8.679475224,50.11242815,17,41
Innenstadt,8.679326279,50.11278388,17,42
Innenstadt,8.679885879,50.11291742,17,43
Innenstadt,8.681744733,50.11357535,17,44
Innenstadt,8.68330616,50.11417228,17,45
Innenstadt,8.686208435,50.11423298,17,46
Innenstadt,8.686320101,50.11479044,17,47
Innenstadt,8.687643291,50.11480182,17,48
Innenstadt,8.687975145,50.11246031,17,49
Innenstadt,8.688026432,50.11058522,17,50
Innenstadt,8.687776839,50.10970244,17,51
Innenstadt,8.687777812,50.10831606,17,52
Innenstadt,8.690449424,50.10795833,17,53
Innenstadt,8.694893891,50.10731223,17,54
Nied,8.576542401,50.09093559,18,1
Nied,8.578139819,50.09212703,18,2
Nied,8.580359746,50.0950038,18,3
Nied,8.582175177,50.09614707,18,4
Nied,8.583998705,50.09770539,18,5
Nied,8.583756414,50.10014044,18,6
Nied,8.584855718,50.10241652,18,7
Nied,8.587125677,50.10358079,18,8
Nied,8.589579373,50.10402978,18,9
Nied,8.595676527,50.10534241,18,10
Nied,8.595934958,50.10581614,18,11
Nied,8.597838162,50.10612457,18,12
Nied,8.599822095,50.10723333,18,13
Nied,8.598220495,50.10768597,18,14
Nied,8.596919977,50.10875256,18,15
Nied,8.594225329,50.10977955,18,16
Nied,8.594717309,50.11003769,18,17
Nied,8.594769528,50.11059496,18,18
Nied,8.594694858,50.11128104,18,19
Nied,8.594032518,50.11294005,18,20
Nied,8.593393891,50.11411816,18,21
Nied,8.589578722,50.11326238,18,22
Nied,8.585179792,50.11265258,18,23
Nied,8.582658219,50.11241011,18,24
Nied,8.579628054,50.11199713,18,25
Nied,8.577506426,50.11130988,18,26
Nied,8.573555133,50.10936102,18,27
Nied,8.572418975,50.10884282,18,28
Nied,8.571335892,50.10860904,18,29
Nied,8.569928569,50.10872055,18,30
Nied,8.568439404,50.10902144,18,31
Nied,8.567329097,50.10894541,18,32
Nied,8.566752911,50.10871709,18,33
Nied,8.566281832,50.10835839,18,34
Nied,8.565680808,50.1077033,18,35
Nied,8.565373854,50.10715101,18,36
Nied,8.565220203,50.1066056,18,37
Nied,8.565202992,50.10574542,18,38
Nied,8.565583387,50.10386359,18,39
Nied,8.563166334,50.10379442,18,40
Nied,8.558021998,50.10356311,18,41
Nied,8.555278223,50.10216452,18,42
Nied,8.555384237,50.10088742,18,43
Nied,8.553663503,50.10015557,18,44
Nied,8.55159346,50.09941227,18,45
Nied,8.550347638,50.09842735,18,46
Nied,8.551881097,50.09890751,18,47
Nied,8.553979884,50.09926494,18,48
Nied,8.556201356,50.09922835,18,49
Nied,8.559068408,50.09877555,18,50
Nied,8.562172614,50.09800174,18,51
Nied,8.564638362,50.0970186,18,52
Nied,8.568232869,50.09497859,18,53
Nied,8.571859965,50.09320525,18,54
Nied,8.573600461,50.09227508,18,55
Nied,8.575439242,50.09133068,18,56
Nied,8.576542401,50.09093559,18,57
Ginnheim,8.66160924,50.14353152,19,1
Ginnheim,8.662819965,50.1441489,19,2
Ginnheim,8.660966568,50.14700054,19,3
Ginnheim,8.659670076,50.14980974,19,4
Ginnheim,8.656709407,50.14862163,19,5
Ginnheim,8.656331138,50.15000997,19,6
Ginnheim,8.655150921,50.15048229,19,7
Ginnheim,8.653421821,50.15097778,19,8
Ginnheim,8.652668675,50.14922763,19,9
Ginnheim,8.650088098,50.15004886,19,10
Ginnheim,8.648842617,50.15048466,19,11
Ginnheim,8.649782739,50.1514938,19,12
Ginnheim,8.64943431,50.1516385,19,13
Ginnheim,8.649090128,50.15136977,19,14
Ginnheim,8.646339788,50.15307117,19,15
Ginnheim,8.645910672,50.15351905,19,16
Ginnheim,8.647119774,50.15391635,19,17
Ginnheim,8.646637344,50.15395016,19,18
Ginnheim,8.64553467,50.15367519,19,19
Ginnheim,8.644626046,50.15315004,19,20
Ginnheim,8.64375353,50.15230994,19,21
Ginnheim,8.641814515,50.15022792,19,22
Ginnheim,8.641011493,50.14975975,19,23
Ginnheim,8.640043587,50.1493397,19,24
Ginnheim,8.63911589,50.1491884,19,25
Ginnheim,8.638205786,50.14918386,19,26
Ginnheim,8.636513088,50.1491699,19,27
Ginnheim,8.636596907,50.14387695,19,28
Ginnheim,8.635164255,50.14316519,19,29
Ginnheim,8.635168755,50.14214171,19,30
Ginnheim,8.629399282,50.14003646,19,31
Ginnheim,8.63176983,50.13998953,19,32
Ginnheim,8.63255447,50.13976387,19,33
Ginnheim,8.633080333,50.13926737,19,34
Ginnheim,8.633841472,50.13901792,19,35
Ginnheim,8.634416907,50.13820002,19,36
Ginnheim,8.635183831,50.13793688,19,37
Ginnheim,8.635244486,50.13751401,19,38
Ginnheim,8.635901192,50.13738089,19,39
Ginnheim,8.636330776,50.13780394,19,40
Ginnheim,8.637000515,50.13804918,19,41
Ginnheim,8.637332222,50.13809409,19,42
Ginnheim,8.637610627,50.13782914,19,43
Ginnheim,8.640433271,50.13686123,19,44
Ginnheim,8.642614421,50.1367591,19,45
Ginnheim,8.642877182,50.1371032,19,46
Ginnheim,8.646343507,50.13701588,19,47
Ginnheim,8.648287633,50.13677157,19,48
Ginnheim,8.650446556,50.13628206,19,49
Ginnheim,8.654562795,50.13625266,19,50
Ginnheim,8.655514246,50.13618382,19,51
Ginnheim,8.655414333,50.13659853,19,52
Ginnheim,8.656213076,50.13709309,19,53
Ginnheim,8.658832581,50.13722818,19,54
Ginnheim,8.65866823,50.13806045,19,55
Ginnheim,8.659457933,50.14013789,19,56
Ginnheim,8.662641505,50.14294051,19,57
Ginnheim,8.66160924,50.14353152,19,58
Nordend-Ost,8.701524157,50.12322134,20,1
Nordend-Ost,8.699360082,50.12514608,20,2
Nordend-Ost,8.699271866,50.1252462,20,3
Nordend-Ost,8.699477092,50.12521683,20,4
Nordend-Ost,8.699867634,50.12536454,20,5
Nordend-Ost,8.701498285,50.12634088,20,6
Nordend-Ost,8.702493682,50.12688509,20,7
Nordend-Ost,8.70357623,50.12745963,20,8
Nordend-Ost,8.704233338,50.12783128,20,9
Nordend-Ost,8.704385335,50.12858285,20,10
Nordend-Ost,8.704687609,50.12923839,20,11
Nordend-Ost,8.705327725,50.13019393,20,12
Nordend-Ost,8.705570507,50.13152099,20,13
Nordend-Ost,8.705570687,50.13325081,20,14
Nordend-Ost,8.705663573,50.13336215,20,15
Nordend-Ost,8.706383056,50.13379254,20,16
Nordend-Ost,8.704702796,50.13485267,20,17
Nordend-Ost,8.701668997,50.13643122,20,18
Nordend-Ost,8.70043641,50.13844315,20,19
Nordend-Ost,8.699695413,50.13878561,20,20
Nordend-Ost,8.698117458,50.1391024,20,21
Nordend-Ost,8.697881234,50.13864443,20,22
Nordend-Ost,8.697020961,50.13658164,20,23
Nordend-Ost,8.695506577,50.13344136,20,24
Nordend-Ost,8.695125699,50.13245971,20,25
Nordend-Ost,8.694206407,50.13030831,20,26
Nordend-Ost,8.693714531,50.12946901,20,27
Nordend-Ost,8.692326644,50.12850364,20,28
Nordend-Ost,8.692137226,50.1279481,20,29
Nordend-Ost,8.69184222,50.1254135,20,30
Nordend-Ost,8.691696829,50.1233418,20,31
Nordend-Ost,8.691433297,50.12276285,20,32
Nordend-Ost,8.690921663,50.12218363,20,33
Nordend-Ost,8.690194136,50.12204341,20,34
Nordend-Ost,8.689843564,50.12191374,20,35
Nordend-Ost,8.689413473,50.11946869,20,36
Nordend-Ost,8.688995755,50.11887708,20,37
Nordend-Ost,8.688981358,50.11867916,20,38
Nordend-Ost,8.688826293,50.1185542,20,39
Nordend-Ost,8.688976915,50.118405,20,40
Nordend-Ost,8.68917243,50.11827924,20,41
Nordend-Ost,8.689610685,50.11816672,20,42
Nordend-Ost,8.691607192,50.11834737,20,43
Nordend-Ost,8.6921511,50.11720206,20,44
Nordend-Ost,8.693427918,50.11652653,20,45
Nordend-Ost,8.694620661,50.11614313,20,46
Nordend-Ost,8.695531416,50.11578393,20,47
Nordend-Ost,8.695958797,50.11701786,20,48
Nordend-Ost,8.69694833,50.11828186,20,49
Nordend-Ost,8.6978764,50.11922263,20,50
Nordend-Ost,8.700515156,50.12140458,20,51
Nordend-Ost,8.701746813,50.12207507,20,52
Nordend-Ost,8.702280312,50.12244479,20,53
Nordend-Ost,8.701524157,50.12322134,20,54
Bergen-Enkheim,8.782547987,50.14362945,21,1
Bergen-Enkheim,8.782792845,50.15156657,21,2
Bergen-Enkheim,8.782493566,50.15537586,21,3
Bergen-Enkheim,8.784140708,50.15566038,21,4
Bergen-Enkheim,8.783788858,50.15721325,21,5
Bergen-Enkheim,8.785343593,50.15847761,21,6
Bergen-Enkheim,8.787715218,50.15891519,21,7
Bergen-Enkheim,8.790385498,50.15881073,21,8
Bergen-Enkheim,8.790972938,50.16071527,21,9
Bergen-Enkheim,8.790117759,50.16215181,21,10
Bergen-Enkheim,8.790308082,50.16306346,21,11
Bergen-Enkheim,8.794818295,50.16311878,21,12
Bergen-Enkheim,8.79496289,50.16670612,21,13
Bergen-Enkheim,8.798084346,50.16732658,21,14
Bergen-Enkheim,8.798424119,50.16828949,21,15
Bergen-Enkheim,8.798437295,50.16895507,21,16
Bergen-Enkheim,8.79992784,50.16892849,21,17
Bergen-Enkheim,8.799615041,50.16915516,21,18
Bergen-Enkheim,8.799710641,50.16906393,21,19
Bergen-Enkheim,8.799872024,50.16892801,21,20
Bergen-Enkheim,8.799904616,50.16890526,21,21
Bergen-Enkheim,8.800181937,50.16894499,21,22
Bergen-Enkheim,8.800490052,50.17132789,21,23
Bergen-Enkheim,8.79930657,50.17319226,21,24
Bergen-Enkheim,8.795980239,50.17488538,21,25
Bergen-Enkheim,8.793706969,50.17304832,21,26
Bergen-Enkheim,8.789616645,50.17591353,21,27
Bergen-Enkheim,8.785932083,50.17660874,21,28
Bergen-Enkheim,8.780864157,50.17716426,21,29
Bergen-Enkheim,8.779157723,50.17709117,21,30
Bergen-Enkheim,8.778850991,50.17807993,21,31
Bergen-Enkheim,8.777824967,50.17817613,21,32
Bergen-Enkheim,8.779300493,50.18041354,21,33
Bergen-Enkheim,8.774599985,50.1799034,21,34
Bergen-Enkheim,8.769928056,50.17966912,21,35
Bergen-Enkheim,8.766056688,50.179276,21,36
Bergen-Enkheim,8.762599567,50.1787069,21,37
Bergen-Enkheim,8.762367636,50.17649034,21,38
Bergen-Enkheim,8.762145294,50.17412918,21,39
Bergen-Enkheim,8.762148156,50.17273986,21,40
Bergen-Enkheim,8.760406002,50.17263985,21,41
Bergen-Enkheim,8.756496636,50.17165698,21,42
Bergen-Enkheim,8.752008035,50.16969406,21,43
Bergen-Enkheim,8.749045332,50.16775922,21,44
Bergen-Enkheim,8.746179968,50.16608518,21,45
Bergen-Enkheim,8.74334938,50.1645392,21,46
Bergen-Enkheim,8.740751629,50.16352009,21,47
Bergen-Enkheim,8.738332571,50.16286189,21,48
Bergen-Enkheim,8.735330317,50.16251662,21,49
Bergen-Enkheim,8.735644671,50.16070813,21,50
Bergen-Enkheim,8.737833451,50.15964903,21,51
Bergen-Enkheim,8.738099048,50.15786843,21,52
Bergen-Enkheim,8.73930845,50.15846384,21,53
Bergen-Enkheim,8.740312781,50.1566758,21,54
Bergen-Enkheim,8.741052063,50.15701176,21,55
Bergen-Enkheim,8.742090519,50.15582078,21,56
Bergen-Enkheim,8.740514743,50.15518332,21,57
Bergen-Enkheim,8.741768549,50.1519213,21,58
Bergen-Enkheim,8.745748526,50.14828126,21,59
Bergen-Enkheim,8.742668289,50.1469008,21,60
Bergen-Enkheim,8.743123685,50.14573937,21,61
Bergen-Enkheim,8.740932526,50.14419266,21,62
Bergen-Enkheim,8.748045002,50.13545383,21,63
Bergen-Enkheim,8.750390545,50.13602915,21,64
Bergen-Enkheim,8.750472357,50.137309,21,65
Bergen-Enkheim,8.757572962,50.13781844,21,66
Bergen-Enkheim,8.767473626,50.14116401,21,67
Bergen-Enkheim,8.773396133,50.14303511,21,68
Bergen-Enkheim,8.782547987,50.14362945,21,69
Sindlingen,8.516396242,50.09287003,22,1
Sindlingen,8.505575971,50.09009431,22,2
Sindlingen,8.502833705,50.08939834,22,3
Sindlingen,8.499120445,50.08842172,22,4
Sindlingen,8.500731773,50.08673313,22,5
Sindlingen,8.494833607,50.08496249,22,6
Sindlingen,8.495180237,50.08453727,22,7
Sindlingen,8.491751968,50.08359497,22,8
Sindlingen,8.490424616,50.08335689,22,9
Sindlingen,8.492684063,50.0828176,22,10
Sindlingen,8.49485537,50.08280051,22,11
Sindlingen,8.496300501,50.08282602,22,12
Sindlingen,8.497230851,50.08191431,22,13
Sindlingen,8.49861619,50.08142927,22,14
Sindlingen,8.499794563,50.08118675,22,15
Sindlingen,8.501241141,50.08098202,22,16
Sindlingen,8.501903036,50.08090989,22,17
Sindlingen,8.501352791,50.07851865,22,18
Sindlingen,8.500835132,50.07622702,22,19
Sindlingen,8.501231466,50.07530675,22,20
Sindlingen,8.504682445,50.07393365,22,21
Sindlingen,8.505586526,50.07343766,22,22
Sindlingen,8.506686564,50.07292679,22,23
Sindlingen,8.505211322,50.07175609,22,24
Sindlingen,8.508103573,50.07026314,22,25
Sindlingen,8.509635526,50.06906147,22,26
Sindlingen,8.51037569,50.06844543,22,27
Sindlingen,8.511173052,50.06772921,22,28
Sindlingen,8.51202696,50.06701818,22,29
Sindlingen,8.51335714,50.06627456,22,30
Sindlingen,8.515238872,50.06531693,22,31
Sindlingen,8.516819575,50.06420386,22,32
Sindlingen,8.518837861,50.06242511,22,33
Sindlingen,8.520447049,50.06108113,22,34
Sindlingen,8.522603208,50.06220735,22,35
Sindlingen,8.525015105,50.06361452,22,36
Sindlingen,8.52641338,50.06486904,22,37
Sindlingen,8.52714868,50.06620721,22,38
Sindlingen,8.527369851,50.06741967,22,39
Sindlingen,8.526935497,50.06867084,22,40
Sindlingen,8.525995571,50.07026955,22,41
Sindlingen,8.524869042,50.07186801,22,42
Sindlingen,8.523766851,50.07342983,22,43
Sindlingen,8.523170399,50.07468691,22,44
Sindlingen,8.522481214,50.07643241,22,45
Sindlingen,8.522429709,50.07851505,22,46
Sindlingen,8.523102136,50.08069299,22,47
Sindlingen,8.524548249,50.08262253,22,48
Sindlingen,8.52556236,50.08371039,22,49
Sindlingen,8.52759184,50.08539717,22,50
Sindlingen,8.529719334,50.08677587,22,51
Sindlingen,8.534483329,50.08918661,22,52
Sindlingen,8.534034779,50.08958911,22,53
Sindlingen,8.529107001,50.08710351,22,54
Sindlingen,8.525965929,50.08506862,22,55
Sindlingen,8.524012649,50.08331348,22,56
Sindlingen,8.522141683,50.08092039,22,57
Sindlingen,8.519290017,50.08211071,22,58
Sindlingen,8.516866897,50.08477903,22,59
Sindlingen,8.51628995,50.08534594,22,60
Sindlingen,8.515242696,50.08527032,22,61
Sindlingen,8.51479857,50.085541,22,62
Sindlingen,8.51436965,50.08650646,22,63
Sindlingen,8.513667158,50.08778861,22,64
Sindlingen,8.513732941,50.08834553,22,65
Sindlingen,8.51474401,50.08927759,22,66
Sindlingen,8.515723457,50.09018652,22,67
Sindlingen,8.516966518,50.09133057,22,68
Sindlingen,8.519187896,50.09329624,22,69
Sindlingen,8.519951965,50.09401144,22,70
Sindlingen,8.516396242,50.09287003,22,71
Nordend-West,8.69877455,50.1408717,23,1
Nordend-West,8.696240603,50.14291091,23,2
Nordend-West,8.692891902,50.14207024,23,3
Nordend-West,8.693776563,50.13989218,23,4
Nordend-West,8.684827078,50.13880176,23,5
Nordend-West,8.684372955,50.13672188,23,6
Nordend-West,8.68069511,50.1365398,23,7
Nordend-West,8.680151724,50.1372289,23,8
Nordend-West,8.679218581,50.1371972,23,9
Nordend-West,8.676275823,50.13685345,23,10
Nordend-West,8.676424527,50.13639895,23,11
Nordend-West,8.675031585,50.13619855,23,12
Nordend-West,8.671443509,50.13592073,23,13
Nordend-West,8.672184247,50.13164356,23,14
Nordend-West,8.672838569,50.12798673,23,15
Nordend-West,8.67510142,50.12476499,23,16
Nordend-West,8.6757833,50.12268954,23,17
Nordend-West,8.675662309,50.12094551,23,18
Nordend-West,8.676295764,50.12040817,23,19
Nordend-West,8.677654152,50.11980487,23,20
Nordend-West,8.678982386,50.11787177,23,21
Nordend-West,8.679950053,50.11809201,23,22
Nordend-West,8.680919776,50.11914852,23,23
Nordend-West,8.682697601,50.11877312,23,24
Nordend-West,8.68412728,50.11900793,23,25
Nordend-West,8.686161218,50.11996604,23,26
Nordend-West,8.686959097,50.1199611,23,27
Nordend-West,8.688639556,50.11874389,23,28
Nordend-West,8.688982973,50.11881774,23,29
Nordend-West,8.689278045,50.11934586,23,30
Nordend-West,8.689822054,50.12183831,23,31
Nordend-West,8.691008134,50.12224482,23,32
Nordend-West,8.691606799,50.12303914,23,33
Nordend-West,8.691764051,50.12425557,23,34
Nordend-West,8.692421395,50.12846913,23,35
Nordend-West,8.693847831,50.12956498,23,36
Nordend-West,8.69877455,50.1408717,23,37
Bornheim,8.706892605,50.12273501,24,1
Bornheim,8.709630269,50.12256819,24,2
Bornheim,8.716944104,50.12208353,24,3
Bornheim,8.717271737,50.1224782,24,4
Bornheim,8.717554454,50.12229418,24,5
Bornheim,8.71791703,50.12207359,24,6
Bornheim,8.718320013,50.12271506,24,7
Bornheim,8.718757357,50.12264558,24,8
Bornheim,8.71871953,50.12209435,24,9
Bornheim,8.71900063,50.12202557,24,10
Bornheim,8.719242703,50.12252325,24,11
Bornheim,8.719534911,50.12304906,24,12
Bornheim,8.725686031,50.12285946,24,13
Bornheim,8.725172135,50.12535355,24,14
Bornheim,8.724197507,50.12713551,24,15
Bornheim,8.724877928,50.12773109,24,16
Bornheim,8.724526561,50.12890914,24,17
Bornheim,8.724544051,50.1292661,24,18
Bornheim,8.72454777,50.1299832,24,19
Bornheim,8.724508518,50.13109082,24,20
Bornheim,8.724442541,50.13254203,24,21
Bornheim,8.724457002,50.13307866,24,22
Bornheim,8.723650841,50.13429881,24,23
Bornheim,8.723206748,50.13496679,24,24
Bornheim,8.721768852,50.13617109,24,25
Bornheim,8.719468704,50.13707564,24,26
Bornheim,8.715873267,50.13776263,24,27
Bornheim,8.712110806,50.13825826,24,28
Bornheim,8.711246544,50.13823132,24,29
Bornheim,8.710317862,50.13862455,24,30
Bornheim,8.707826975,50.13975314,24,31
Bornheim,8.706653108,50.14084009,24,32
Bornheim,8.705901242,50.1418148,24,33
Bornheim,8.704864662,50.14436484,24,34
Bornheim,8.703472941,50.14327324,24,35
Bornheim,8.698847976,50.14088833,24,36
Bornheim,8.698650306,50.14045944,24,37
Bornheim,8.698149245,50.13907156,24,38
Bornheim,8.699726368,50.13878819,24,39
Bornheim,8.700419976,50.13845456,24,40
Bornheim,8.701199369,50.13718771,24,41
Bornheim,8.701665041,50.13642883,24,42
Bornheim,8.704761671,50.13481786,24,43
Bornheim,8.706380618,50.13379752,24,44
Bornheim,8.705669279,50.13336652,24,45
Bornheim,8.705594462,50.13325926,24,46
Bornheim,8.705567946,50.13154013,24,47
Bornheim,8.70531542,50.13020593,24,48
Bornheim,8.704733875,50.12930052,24,49
Bornheim,8.704383031,50.12859277,24,50
Bornheim,8.704243991,50.12785333,24,51
Bornheim,8.703168436,50.12723862,24,52
Bornheim,8.701822259,50.12654167,24,53
Bornheim,8.701309633,50.12621817,24,54
Bornheim,8.69988747,50.12536731,24,55
Bornheim,8.699454665,50.12521485,24,56
Bornheim,8.699257289,50.12525564,24,57
Bornheim,8.699419887,50.12509476,24,58
Bornheim,8.702327172,50.12247457,24,59
Bornheim,8.704199655,50.12356511,24,60
Bornheim,8.705046759,50.1228687,24,61
Bornheim,8.706892605,50.12273501,24,62
Westend-Nord,8.656390222,50.12590939,25,1
Westend-Nord,8.657354402,50.12592239,25,2
Westend-Nord,8.65832371,50.12319225,25,3
Westend-Nord,8.661799103,50.12312771,25,4
Westend-Nord,8.664690168,50.12350606,25,5
Westend-Nord,8.665918611,50.12298429,25,6
Westend-Nord,8.668423047,50.12211746,25,7
Westend-Nord,8.670816361,50.12148715,25,8
Westend-Nord,8.672253646,50.12099537,25,9
Westend-Nord,8.674191688,50.12088441,25,10
Westend-Nord,8.675680803,50.12086721,25,11
Westend-Nord,8.675737773,50.1228018,25,12
Westend-Nord,8.67508278,50.12482749,25,13
Westend-Nord,8.672833354,50.1280219,25,14
Westend-Nord,8.672512462,50.12970985,25,15
Westend-Nord,8.67191859,50.13331195,25,16
Westend-Nord,8.671410303,50.13595902,25,17
Westend-Nord,8.670335696,50.13860739,25,18
Westend-Nord,8.666622814,50.13735013,25,19
Westend-Nord,8.664686544,50.13682088,25,20
Westend-Nord,8.66291915,50.13628951,25,21
Westend-Nord,8.661701744,50.13631039,25,22
Westend-Nord,8.661810595,50.13547481,25,23
Westend-Nord,8.662253018,50.13533046,25,24
Westend-Nord,8.662196373,50.13315071,25,25
Westend-Nord,8.662291016,50.13158654,25,26
Westend-Nord,8.662253068,50.13131655,25,27
Westend-Nord,8.660688291,50.13118097,25,28
Westend-Nord,8.659375997,50.13098421,25,29
Westend-Nord,8.658195731,50.13048142,25,30
Westend-Nord,8.657665761,50.13014893,25,31
Westend-Nord,8.656855899,50.1289799,25,32
Westend-Nord,8.656676798,50.12795409,25,33
Westend-Nord,8.656553795,50.12745699,25,34
Westend-Nord,8.656430195,50.12695653,25,35
Westend-Nord,8.655455825,50.12648133,25,36
Westend-Nord,8.656390222,50.12590939,25,37
Ostend,8.701995259,50.1067429,26,1
Ostend,8.708086811,50.10642951,26,2
Ostend,8.714607476,50.10605249,26,3
Ostend,8.717971723,50.10633509,26,4
Ostend,8.721546671,50.10722716,26,5
Ostend,8.725318507,50.10811981,26,6
Ostend,8.729405589,50.10952077,26,7
Ostend,8.734155361,50.11109196,26,8
Ostend,8.738606666,50.11285302,26,9
Ostend,8.742081766,50.11441341,26,10
Ostend,8.74441979,50.11542302,26,11
Ostend,8.747646528,50.12228801,26,12
Ostend,8.74559147,50.12289932,26,13
Ostend,8.744455641,50.12404704,26,14
Ostend,8.746279729,50.12484931,26,15
Ostend,8.744141754,50.12566429,26,16
Ostend,8.729924937,50.1206143,26,17
Ostend,8.728342813,50.12223379,26,18
Ostend,8.727397767,50.12267729,26,19
Ostend,8.726503403,50.12278156,26,20
Ostend,8.725611066,50.12286065,26,21
Ostend,8.719528765,50.1230464,26,22
Ostend,8.718995006,50.12203416,26,23
Ostend,8.718713181,50.12209505,26,24
Ostend,8.718753737,50.12264185,26,25
Ostend,8.718326947,50.12270767,26,26
Ostend,8.717932785,50.12207641,26,27
Ostend,8.717281827,50.12246725,26,28
Ostend,8.716968113,50.1220839,26,29
Ostend,8.705039676,50.12285245,26,30
Ostend,8.704211898,50.12355432,26,31
Ostend,8.702313875,50.12250003,26,32
Ostend,8.700006025,50.12102149,26,33
Ostend,8.697132246,50.11850043,26,34
Ostend,8.696281863,50.1174588,26,35
Ostend,8.695684307,50.11623761,26,36
Ostend,8.695544857,50.11574847,26,37
Ostend,8.694871311,50.11402787,26,38
Ostend,8.694860196,50.11356139,26,39
Ostend,8.695783861,50.11229261,26,40
Ostend,8.694461581,50.11122122,26,41
Ostend,8.694093077,50.11022679,26,42
Ostend,8.694842251,50.10729673,26,43
Ostend,8.701995259,50.1067429,26,44
Niederrad,8.628678083,50.08792712,27,1
Niederrad,8.629701517,50.08231962,27,2
Niederrad,8.631644259,50.07665809,27,3
Niederrad,8.640325338,50.07692136,27,4
Niederrad,8.646142913,50.07701528,27,5
Niederrad,8.646523972,50.07710136,27,6
Niederrad,8.648143723,50.07698728,27,7
Niederrad,8.650096773,50.07686494,27,8
Niederrad,8.651581068,50.07678528,27,9
Niederrad,8.654946259,50.07903563,27,10
Niederrad,8.651686344,50.08234289,27,11
Niederrad,8.649836054,50.0857114,27,12
Niederrad,8.651508415,50.08842685,27,13
Niederrad,8.659585359,50.08811908,27,14
Niederrad,8.660305173,50.08893011,27,15
Niederrad,8.663657824,50.09171597,27,16
Niederrad,8.662519198,50.09228719,27,17
Niederrad,8.660562484,50.09275793,27,18
Niederrad,8.658419534,50.09304178,27,19
Niederrad,8.656720305,50.09361591,27,20
Niederrad,8.655572253,50.09417142,27,21
Niederrad,8.653707967,50.09581592,27,22
Niederrad,8.646322132,50.09422827,27,23
Niederrad,8.638788343,50.09171753,27,24
Niederrad,8.63514528,50.09018537,27,25
Niederrad,8.628647127,50.08870364,27,26
Niederrad,8.628678083,50.08792712,27,27
Heddernheim,8.650115535,50.16508269,28,1
Heddernheim,8.648917139,50.1660567,28,2
Heddernheim,8.64788059,50.16657379,28,3
Heddernheim,8.64418423,50.16799437,28,4
Heddernheim,8.641996753,50.16774905,28,5
Heddernheim,8.641015182,50.16670756,28,6
Heddernheim,8.640062259,50.16624294,28,7
Heddernheim,8.638916413,50.16646899,28,8
Heddernheim,8.636853281,50.16646675,28,9
Heddernheim,8.633514759,50.16614453,28,10
Heddernheim,8.63420359,50.16422736,28,11
Heddernheim,8.634280522,50.16125442,28,12
Heddernheim,8.634404019,50.16068102,28,13
Heddernheim,8.631419963,50.15993239,28,14
Heddernheim,8.631712202,50.15942548,28,15
Heddernheim,8.63117203,50.15862144,28,16
Heddernheim,8.632213595,50.1565549,28,17
Heddernheim,8.629806233,50.15540498,28,18
Heddernheim,8.626372402,50.15435912,28,19
Heddernheim,8.628074336,50.15214179,28,20
Heddernheim,8.626710656,50.15171626,28,21
Heddernheim,8.627392252,50.15064613,28,22
Heddernheim,8.62827485,50.15063711,28,23
Heddernheim,8.628340342,50.14908464,28,24
Heddernheim,8.639209103,50.14920402,28,25
Heddernheim,8.64018589,50.14937765,28,26
Heddernheim,8.641116834,50.14981282,28,27
Heddernheim,8.641780118,50.15021682,28,28
Heddernheim,8.642566367,50.15101373,28,29
Heddernheim,8.643683381,50.15222919,28,30
Heddernheim,8.644604618,50.15314553,28,31
Heddernheim,8.645534806,50.15367363,28,32
Heddernheim,8.646751767,50.15396239,28,33
Heddernheim,8.647838353,50.15440435,28,34
Heddernheim,8.649209506,50.15528102,28,35
Heddernheim,8.650621585,50.15644947,28,36
Heddernheim,8.65188426,50.1582431,28,37
Heddernheim,8.652887006,50.15935341,28,38
Heddernheim,8.653120868,50.16012584,28,39
Heddernheim,8.653144441,50.16103924,28,40
Heddernheim,8.650115535,50.16508269,28,41
Riederwald,8.744122768,50.12565862,29,1
Riederwald,8.743070581,50.12695507,29,2
Riederwald,8.742386441,50.12701498,29,3
Riederwald,8.742058942,50.12713736,29,4
Riederwald,8.741878987,50.12727447,29,5
Riederwald,8.741449581,50.12932496,29,6
Riederwald,8.739997649,50.12931005,29,7
Riederwald,8.74099664,50.13097602,29,8
Riederwald,8.741452467,50.13172159,29,9
Riederwald,8.740968022,50.13182209,29,10
Riederwald,8.740932185,50.13171822,29,11
Riederwald,8.738239851,50.13138765,29,12
Riederwald,8.737974218,50.13170291,29,13
Riederwald,8.737266322,50.13178661,29,14
Riederwald,8.73344622,50.13161636,29,15
Riederwald,8.732758457,50.13157724,29,16
Riederwald,8.732816238,50.13128315,29,17
Riederwald,8.730244737,50.13081032,29,18
Riederwald,8.728115146,50.12952758,29,19
Riederwald,8.727490797,50.12914467,29,20
Riederwald,8.726341078,50.12847876,29,21
Riederwald,8.725419476,50.12801741,29,22
Riederwald,8.725036452,50.12781442,29,23
Riederwald,8.724854479,50.12770521,29,24
Riederwald,8.724200302,50.12713125,29,25
Riederwald,8.724507208,50.12656654,29,26
Riederwald,8.724990997,50.12569878,29,27
Riederwald,8.725172955,50.12534798,29,28
Riederwald,8.72568539,50.12285943,29,29
Riederwald,8.727378647,50.12267986,29,30
Riederwald,8.728355853,50.1222346,29,31
Riederwald,8.729926317,50.1206126,29,32
Riederwald,8.742484981,50.12507551,29,33
Riederwald,8.744122768,50.12565862,29,34
Unterliederbach,8.54942242,50.12132808,30,1
Unterliederbach,8.532532663,50.11506504,30,2
Unterliederbach,8.530564979,50.11640119,30,3
Unterliederbach,8.529310955,50.11588153,30,4
Unterliederbach,8.526472977,50.11811303,30,5
Unterliederbach,8.52565457,50.1178604,30,6
Unterliederbach,8.522025399,50.12101249,30,7
Unterliederbach,8.520610881,50.12015397,30,8
Unterliederbach,8.518658382,50.12129102,30,9
Unterliederbach,8.518544675,50.12134979,30,10
Unterliederbach,8.518109088,50.1209961,30,11
Unterliederbach,8.513573778,50.12197988,30,12
Unterliederbach,8.512776973,50.12099209,30,13
Unterliederbach,8.511738969,50.11934739,30,14
Unterliederbach,8.512838904,50.11915352,30,15
Unterliederbach,8.512201142,50.11749461,30,16
Unterliederbach,8.511984055,50.11746918,30,17
Unterliederbach,8.511867112,50.11732695,30,18
Unterliederbach,8.511676181,50.11718525,30,19
Unterliederbach,8.511168356,50.11722012,30,20
Unterliederbach,8.510793686,50.1172714,30,21
Unterliederbach,8.510290802,50.11729129,30,22
Unterliederbach,8.509934024,50.11702802,30,23
Unterliederbach,8.509297566,50.11659306,30,24
Unterliederbach,8.508607733,50.11651955,30,25
Unterliederbach,8.508104476,50.11639629,30,26
Unterliederbach,8.505941881,50.11420978,30,27
Unterliederbach,8.500075174,50.10945373,30,28
Unterliederbach,8.506777704,50.10423967,30,29
Unterliederbach,8.508490847,50.10449171,30,30
Unterliederbach,8.514227422,50.10102825,30,31
Unterliederbach,8.515250537,50.10126838,30,32
Unterliederbach,8.515921253,50.10124272,30,33
Unterliederbach,8.516843979,50.10080188,30,34
Unterliederbach,8.515134949,50.09754361,30,35
Unterliederbach,8.52162113,50.09746067,30,36
Unterliederbach,8.523065301,50.09726303,30,37
Unterliederbach,8.524413771,50.09615307,30,38
Unterliederbach,8.527905486,50.09776451,30,39
Unterliederbach,8.530678061,50.09902528,30,40
Unterliederbach,8.532131337,50.0996835,30,41
Unterliederbach,8.534927895,50.10068295,30,42
Unterliederbach,8.536886947,50.10118206,30,43
Unterliederbach,8.53927293,50.10156997,30,44
Unterliederbach,8.538752056,50.10255001,30,45
Unterliederbach,8.537862251,50.10454691,30,46
Unterliederbach,8.538912574,50.10491842,30,47
Unterliederbach,8.541439642,50.10603553,30,48
Unterliederbach,8.544225287,50.10729984,30,49
Unterliederbach,8.543157939,50.10827224,30,50
Unterliederbach,8.546595111,50.10996021,30,51
Unterliederbach,8.545259559,50.11131019,30,52
Unterliederbach,8.547589682,50.11191113,30,53
Unterliederbach,8.547220082,50.11273276,30,54
Unterliederbach,8.548698962,50.11309782,30,55
Unterliederbach,8.548277508,50.11472287,30,56
Unterliederbach,8.55158888,50.11507618,30,57
Unterliederbach,8.552096592,50.1223789,30,58
Unterliederbach,8.54942242,50.12132808,30,59
Bockenheim,8.658591316,50.13617364,31,1
Bockenheim,8.656728398,50.13615152,31,2
Bockenheim,8.650307412,50.13630209,31,3
Bockenheim,8.648038488,50.1368022,31,4
Bockenheim,8.646272587,50.13700519,31,5
Bockenheim,8.64287262,50.13708594,31,6
Bockenheim,8.642612275,50.13677183,31,7
Bockenheim,8.640404295,50.13686155,31,8
Bockenheim,8.639394677,50.1372493,31,9
Bockenheim,8.637652558,50.13778129,31,10
Bockenheim,8.637392301,50.13809262,31,11
Bockenheim,8.637021126,50.13805985,31,12
Bockenheim,8.636346617,50.1377855,31,13
Bockenheim,8.635931836,50.13741223,31,14
Bockenheim,8.634626772,50.13678417,31,15
Bockenheim,8.635210115,50.13567487,31,16
Bockenheim,8.63506416,50.13427302,31,17
Bockenheim,8.632783119,50.13459119,31,18
Bockenheim,8.633540074,50.13225054,31,19
Bockenheim,8.633040168,50.13099506,31,20
Bockenheim,8.629673196,50.13014642,31,21
Bockenheim,8.629609068,50.12907823,31,22
Bockenheim,8.62821405,50.12964336,31,23
Bockenheim,8.623900372,50.12925921,31,24
Bockenheim,8.622425171,50.12985481,31,25
Bockenheim,8.621923167,50.12920497,31,26
Bockenheim,8.62129891,50.12080082,31,27
Bockenheim,8.617419324,50.11926797,31,28
Bockenheim,8.614940666,50.1190288,31,29
Bockenheim,8.61426152,50.11841647,31,30
Bockenheim,8.612947176,50.11725978,31,31
Bockenheim,8.611090777,50.1166482,31,32
Bockenheim,8.610525337,50.1160988,31,33
Bockenheim,8.608317681,50.11705725,31,34
Bockenheim,8.604993341,50.11694804,31,35
Bockenheim,8.602399581,50.11617532,31,36
Bockenheim,8.601173224,50.11538832,31,37
Bockenheim,8.599438245,50.11387157,31,38
Bockenheim,8.601383975,50.11090979,31,39
Bockenheim,8.602692046,50.10879205,31,40
Bockenheim,8.604825241,50.10572593,31,41
Bockenheim,8.607681399,50.10546154,31,42
Bockenheim,8.610970941,50.10537955,31,43
Bockenheim,8.61460077,50.10543982,31,44
Bockenheim,8.61414426,50.10691081,31,45
Bockenheim,8.615875136,50.10724887,31,46
Bockenheim,8.616673808,50.10754789,31,47
Bockenheim,8.617313462,50.10776931,31,48
Bockenheim,8.618064561,50.10766813,31,49
Bockenheim,8.62066762,50.10778411,31,50
Bockenheim,8.622577388,50.10805148,31,51
Bockenheim,8.623487379,50.10830596,31,52
Bockenheim,8.62617132,50.11004161,31,53
Bockenheim,8.634937715,50.11036247,31,54
Bockenheim,8.635186606,50.10889345,31,55
Bockenheim,8.643717836,50.10922948,31,56
Bockenheim,8.643609569,50.11413596,31,57
Bockenheim,8.645920078,50.11397753,31,58
Bockenheim,8.646815777,50.11559897,31,59
Bockenheim,8.648304043,50.11658567,31,60
Bockenheim,8.648663331,50.11698167,31,61
Bockenheim,8.649214268,50.11696978,31,62
Bockenheim,8.650370333,50.12029534,31,63
Bockenheim,8.6518228,50.12017026,31,64
Bockenheim,8.653841068,50.12004248,31,65
Bockenheim,8.653728846,50.12152128,31,66
Bockenheim,8.653331025,50.12269149,31,67
Bockenheim,8.652436371,50.12436835,31,68
Bockenheim,8.652389536,50.12501912,31,69
Bockenheim,8.653357743,50.12576548,31,70
Bockenheim,8.65645118,50.1269964,31,71
Bockenheim,8.656693575,50.1280931,31,72
Bockenheim,8.656882976,50.12899229,31,73
Bockenheim,8.657277898,50.12960957,31,74
Bockenheim,8.657493763,50.12988778,31,75
Bockenheim,8.657713211,50.13018547,31,76
Bockenheim,8.658125229,50.13042895,31,77
Bockenheim,8.658656808,50.1306867,31,78
Bockenheim,8.659449984,50.13101106,31,79
Bockenheim,8.662293367,50.13136471,31,80
Bockenheim,8.662198452,50.13336987,31,81
Bockenheim,8.662242149,50.13532268,31,82
Bockenheim,8.661818472,50.13545368,31,83
Bockenheim,8.661702574,50.13629706,31,84
Bockenheim,8.658591316,50.13617364,31,85
Oberrad,8.717514622,50.10628136,32,1
Oberrad,8.718103931,50.1024892,32,2
Oberrad,8.716372268,50.10178484,32,3
Oberrad,8.715135518,50.1014329,32,4
Oberrad,8.715386961,50.10000346,32,5
Oberrad,8.715464472,50.09810251,32,6
Oberrad,8.715354094,50.09603964,32,7
Oberrad,8.714964931,50.09337749,32,8
Oberrad,8.716501324,50.09327987,32,9
Oberrad,8.71690594,50.08958809,32,10
Oberrad,8.718550672,50.08943808,32,11
Oberrad,8.719671749,50.08967388,32,12
Oberrad,8.722366998,50.09050077,32,13
Oberrad,8.723890938,50.0918057,32,14
Oberrad,8.724955007,50.0923547,32,15
Oberrad,8.724502582,50.09399131,32,16
Oberrad,8.725277851,50.09409896,32,17
Oberrad,8.724885636,50.0949056,32,18
Oberrad,8.725320291,50.09444504,32,19
Oberrad,8.726163089,50.09424652,32,20
Oberrad,8.732014961,50.09396421,32,21
Oberrad,8.735047912,50.09470633,32,22
Oberrad,8.735636485,50.09341012,32,23
Oberrad,8.735921446,50.09222811,32,24
Oberrad,8.737852405,50.09265508,32,25
Oberrad,8.739844502,50.09321345,32,26
Oberrad,8.73900258,50.09531865,32,27
Oberrad,8.739104075,50.09586089,32,28
Oberrad,8.739399351,50.09646158,32,29
Oberrad,8.740293384,50.09684185,32,30
Oberrad,8.74020824,50.09860575,32,31
Oberrad,8.739841747,50.09931759,32,32
Oberrad,8.739301278,50.10074393,32,33
Oberrad,8.742030607,50.10080105,32,34
Oberrad,8.742577116,50.10100876,32,35
Oberrad,8.74354486,50.1015958,32,36
Oberrad,8.742657326,50.10253165,32,37
Oberrad,8.741891949,50.10331184,32,38
Oberrad,8.741377,50.10430626,32,39
Oberrad,8.739714536,50.10429494,32,40
Oberrad,8.739699022,50.10463416,32,41
Oberrad,8.737058207,50.1045556,32,42
Oberrad,8.737027399,50.10532658,32,43
Oberrad,8.733282155,50.10516788,32,44
Oberrad,8.731282959,50.1051709,32,45
Oberrad,8.729438708,50.10568102,32,46
Oberrad,8.728035872,50.10629331,32,47
Oberrad,8.727800425,50.10623596,32,48
Oberrad,8.727219031,50.10708312,32,49
Oberrad,8.726810779,50.10701036,32,50
Oberrad,8.725337042,50.10810203,32,51
Oberrad,8.724513952,50.1079345,32,52
Oberrad,8.7218124,50.10731447,32,53
Oberrad,8.719654616,50.10673626,32,54
Oberrad,8.717514622,50.10628136,32,55
Seckbach,8.748030371,50.13544475,33,1
Seckbach,8.740878876,50.14417109,33,2
Seckbach,8.743107191,50.14568411,33,3
Seckbach,8.742644262,50.14687485,33,4
Seckbach,8.745763497,50.14825201,33,5
Seckbach,8.741720972,50.15191081,33,6
Seckbach,8.740460348,50.15518475,33,7
Seckbach,8.742061707,50.15580923,33,8
Seckbach,8.740980243,50.1570213,33,9
Seckbach,8.740329243,50.15665091,33,10
Seckbach,8.739286146,50.15842368,33,11
Seckbach,8.738066559,50.15781122,33,12
Seckbach,8.737794543,50.15967061,33,13
Seckbach,8.735648797,50.16072822,33,14
Seckbach,8.735341092,50.16239249,33,15
Seckbach,8.731274848,50.16261441,33,16
Seckbach,8.727064083,50.16289375,33,17
Seckbach,8.723629224,50.1634052,33,18
Seckbach,8.711504871,50.16039909,33,19
Seckbach,8.712176095,50.15748434,33,20
Seckbach,8.710412162,50.1571526,33,21
Seckbach,8.708948815,50.15513956,33,22
Seckbach,8.709601565,50.15078161,33,23
Seckbach,8.705565866,50.14837092,33,24
Seckbach,8.706494868,50.14650865,33,25
Seckbach,8.704898008,50.14429617,33,26
Seckbach,8.705917349,50.14180709,33,27
Seckbach,8.706731249,50.14075911,33,28
Seckbach,8.707849087,50.13973866,33,29
Seckbach,8.709579546,50.13893866,33,30
Seckbach,8.711250171,50.13823447,33,31
Seckbach,8.712113119,50.1382626,33,32
Seckbach,8.715959362,50.13775348,33,33
Seckbach,8.719468993,50.1370793,33,34
Seckbach,8.721764521,50.13617576,33,35
Seckbach,8.723212856,50.13496518,33,36
Seckbach,8.72444678,50.13309757,33,37
Seckbach,8.724519876,50.13076436,33,38
Seckbach,8.724575277,50.12878432,33,39
Seckbach,8.724867304,50.12771318,33,40
Seckbach,8.726830998,50.12873507,33,41
Seckbach,8.727551201,50.12918486,33,42
Seckbach,8.730250039,50.13081537,33,43
Seckbach,8.732819278,50.13128268,33,44
Seckbach,8.732754791,50.13157601,33,45
Seckbach,8.737267715,50.13178659,33,46
Seckbach,8.737977736,50.1316996,33,47
Seckbach,8.738248145,50.13139535,33,48
Seckbach,8.740918152,50.13170403,33,49
Seckbach,8.741625831,50.13396641,33,50
Seckbach,8.745295507,50.13480643,33,51
Seckbach,8.748030371,50.13544475,33,52
Berkersheim,8.710155547,50.16164334,34,1
Berkersheim,8.711546368,50.16039697,34,2
Berkersheim,8.723624989,50.16340626,34,3
Berkersheim,8.721448314,50.16498429,34,4
Berkersheim,8.718179441,50.16895444,34,5
Berkersheim,8.717088756,50.16951188,34,6
Berkersheim,8.714522651,50.17020511,34,7
Berkersheim,8.711630612,50.17301623,34,8
Berkersheim,8.710162064,50.1746953,34,9
Berkersheim,8.709211813,50.17612306,34,10
Berkersheim,8.709014965,50.17712884,34,11
Berkersheim,8.709249934,50.1790208,34,12
Berkersheim,8.707324849,50.17921392,34,13
Berkersheim,8.705964218,50.17930579,34,14
Berkersheim,8.701878687,50.18048635,34,15
Berkersheim,8.700782044,50.18081332,34,16
Berkersheim,8.699881877,50.1810586,34,17
Berkersheim,8.699000226,50.18113398,34,18
Berkersheim,8.698248215,50.18098467,34,19
Berkersheim,8.697440853,50.17989309,34,20
Berkersheim,8.696999026,50.17959258,34,21
Berkersheim,8.697333356,50.17902189,34,22
Berkersheim,8.697232641,50.17883712,34,23
Berkersheim,8.696795387,50.17868744,34,24
Berkersheim,8.696256774,50.17880927,34,25
Berkersheim,8.69548967,50.17912925,34,26
Berkersheim,8.695104752,50.1790326,34,27
Berkersheim,8.694958536,50.17892415,34,28
Berkersheim,8.694496713,50.1786311,34,29
Berkersheim,8.694273659,50.17837153,34,30
Berkersheim,8.694202751,50.17811838,34,31
Berkersheim,8.694324053,50.17782042,34,32
Berkersheim,8.694710944,50.17722214,34,33
Berkersheim,8.694863561,50.17700767,34,34
Berkersheim,8.694948473,50.17675904,34,35
Berkersheim,8.694875984,50.17642856,34,36
Berkersheim,8.694488109,50.17612849,34,37
Berkersheim,8.694122259,50.17601805,34,38
Berkersheim,8.693693516,50.17599312,34,39
Berkersheim,8.693309279,50.1759942,34,40
Berkersheim,8.692611519,50.17590347,34,41
Berkersheim,8.69215395,50.17565571,34,42
Berkersheim,8.691868495,50.17520336,34,43
Berkersheim,8.69168192,50.17470149,34,44
Berkersheim,8.691016893,50.17336499,34,45
Berkersheim,8.690310959,50.17244704,34,46
Berkersheim,8.688790883,50.17133947,34,47
Berkersheim,8.688124947,50.17103569,34,48
Berkersheim,8.686362198,50.17104174,34,49
Berkersheim,8.687195858,50.16870039,34,50
Berkersheim,8.687259373,50.16833261,34,51
Berkersheim,8.687007163,50.16734447,34,52
Berkersheim,8.687292655,50.16597108,34,53
Berkersheim,8.687051229,50.16553336,34,54
Berkersheim,8.688008457,50.16419566,34,55
Berkersheim,8.68994098,50.16439048,34,56
Berkersheim,8.691979892,50.16396185,34,57
Berkersheim,8.692819257,50.16426255,34,58
Berkersheim,8.693102167,50.16482648,34,59
Berkersheim,8.695327747,50.16492129,34,60
Berkersheim,8.696797233,50.1651696,34,61
Berkersheim,8.698012942,50.16218321,34,62
Berkersheim,8.700236641,50.16258623,34,63
Berkersheim,8.702053617,50.16253501,34,64
Berkersheim,8.70687081,50.16395643,34,65
Berkersheim,8.70847651,50.16295421,34,66
Berkersheim,8.710155547,50.16164334,34,67
Fechenheim,8.745553086,50.11549863,35,1
Fechenheim,8.747126783,50.11555882,35,2
Fechenheim,8.748796825,50.11550137,35,3
Fechenheim,8.750747241,50.11537686,35,4
Fechenheim,8.752658521,50.11499277,35,5
Fechenheim,8.753916158,50.11466106,35,6
Fechenheim,8.75479287,50.11425338,35,7
Fechenheim,8.756047901,50.11360589,35,8
Fechenheim,8.757952237,50.11241579,35,9
Fechenheim,8.760031812,50.11112092,35,10
Fechenheim,8.762045005,50.11002599,35,11
Fechenheim,8.764249486,50.10904688,35,12
Fechenheim,8.766448812,50.1084352,35,13
Fechenheim,8.768775354,50.10797927,35,14
Fechenheim,8.770707459,50.10784033,35,15
Fechenheim,8.772452325,50.1079163,35,16
Fechenheim,8.774156695,50.10824279,35,17
Fechenheim,8.775645807,50.10869455,35,18
Fechenheim,8.77701104,50.10930619,35,19
Fechenheim,8.778523693,50.11010499,35,20
Fechenheim,8.779789723,50.11086852,35,21
Fechenheim,8.780297852,50.11129765,35,22
Fechenheim,8.780666551,50.11187297,35,23
Fechenheim,8.780848543,50.11233702,35,24
Fechenheim,8.780846394,50.11320438,35,25
Fechenheim,8.780820949,50.11442222,35,26
Fechenheim,8.780534143,50.11577367,35,27
Fechenheim,8.779716884,50.11710352,35,28
Fechenheim,8.778638251,50.11818593,35,29
Fechenheim,8.776908768,50.11959938,35,30
Fechenheim,8.775114698,50.12094607,35,31
Fechenheim,8.772966242,50.12301695,35,32
Fechenheim,8.770928232,50.12519258,35,33
Fechenheim,8.769602723,50.1270635,35,34
Fechenheim,8.76907804,50.12833054,35,35
Fechenheim,8.768896385,50.12970766,35,36
Fechenheim,8.769199336,50.13173787,35,37
Fechenheim,8.770053908,50.1332297,35,38
Fechenheim,8.771160192,50.1342799,35,39
Fechenheim,8.772172536,50.13501959,35,40
Fechenheim,8.773503749,50.13575588,35,41
Fechenheim,8.775702772,50.13647563,35,42
Fechenheim,8.777792528,50.13695115,35,43
Fechenheim,8.779877081,50.13726149,35,44
Fechenheim,8.780382918,50.13820454,35,45
Fechenheim,8.785216363,50.13908421,35,46
Fechenheim,8.783481547,50.14122343,35,47
Fechenheim,8.782490292,50.14360133,35,48
Fechenheim,8.773418118,50.14303815,35,49
Fechenheim,8.767653452,50.14121957,35,50
Fechenheim,8.757567627,50.1378067,35,51
Fechenheim,8.750429484,50.13730789,35,52
Fechenheim,8.750361154,50.13604163,35,53
Fechenheim,8.741604661,50.13393808,35,54
Fechenheim,8.740971953,50.13181801,35,55
Fechenheim,8.741455294,50.13172209,35,56
Fechenheim,8.740023841,50.12931421,35,57
Fechenheim,8.741458617,50.1293392,35,58
Fechenheim,8.741607068,50.12851852,35,59
Fechenheim,8.741810188,50.12739986,35,60
Fechenheim,8.742037883,50.12715297,35,61
Fechenheim,8.742410483,50.12701446,35,62
Fechenheim,8.743088911,50.12694567,35,63
Fechenheim,8.744070486,50.12565369,35,64
Fechenheim,8.746273275,50.12481433,35,65
Fechenheim,8.744453337,50.12408244,35,66
Fechenheim,8.745528375,50.12299258,35,67
Fechenheim,8.747696328,50.12224741,35,68
Fechenheim,8.746307151,50.11944392,35,69
Fechenheim,8.74442106,50.11543424,35,70
Fechenheim,8.745553086,50.11549863,35,71
Harheim,8.701866734,50.18048927,36,1
Harheim,8.702493974,50.18138577,36,2
Harheim,8.704377693,50.18419606,36,3
Harheim,8.705789894,50.18385285,36,4
Harheim,8.707424068,50.18344777,36,5
Harheim,8.708021402,50.18427898,36,6
Harheim,8.710352239,50.18748878,36,7
Harheim,8.711103744,50.18850574,36,8
Harheim,8.709918081,50.18918067,36,9
Harheim,8.705731253,50.19158148,36,10
Harheim,8.704930928,50.19204613,36,11
Harheim,8.704478186,50.19234239,36,12
Harheim,8.704065233,50.19257005,36,13
Harheim,8.703362716,50.19305762,36,14
Harheim,8.702369651,50.1936237,36,15
Harheim,8.70117162,50.1942932,36,16
Harheim,8.70018538,50.1948121,36,17
Harheim,8.69882606,50.19557984,36,18
Harheim,8.697483559,50.19609761,36,19
Harheim,8.694435877,50.19753567,36,20
Harheim,8.693187354,50.19864949,36,21
Harheim,8.692312279,50.19923854,36,22
Harheim,8.690359182,50.20056377,36,23
Harheim,8.688576773,50.19922469,36,24
Harheim,8.686324127,50.19763109,36,25
Harheim,8.684791344,50.19657204,36,26
Harheim,8.683172895,50.19535076,36,27
Harheim,8.68186525,50.19444249,36,28
Harheim,8.681856914,50.19203718,36,29
Harheim,8.681330182,50.19128818,36,30
Harheim,8.679419684,50.19042984,36,31
Harheim,8.673859326,50.18634043,36,32
Harheim,8.678756416,50.18320017,36,33
Harheim,8.675778658,50.18113481,36,34
Harheim,8.674948058,50.18133906,36,35
Harheim,8.674161589,50.1804239,36,36
Harheim,8.673358428,50.18053856,36,37
Harheim,8.672829963,50.17980191,36,38
Harheim,8.672938554,50.17938491,36,39
Harheim,8.671957041,50.17837815,36,40
Harheim,8.671507471,50.17787823,36,41
Harheim,8.67273244,50.17762774,36,42
Harheim,8.673883807,50.17716088,36,43
Harheim,8.674772459,50.17655186,36,44
Harheim,8.675211252,50.17632178,36,45
Harheim,8.676408543,50.17583935,36,46
Harheim,8.677520068,50.17515418,36,47
Harheim,8.678362275,50.17498744,36,48
Harheim,8.6797297,50.17484578,36,49
Harheim,8.680779596,50.17486054,36,50
Harheim,8.681823547,50.17473996,36,51
Harheim,8.683152315,50.17410702,36,52
Harheim,8.683983387,50.17369714,36,53
Harheim,8.684649498,50.17297048,36,54
Harheim,8.685484468,50.17235552,36,55
Harheim,8.685801844,50.17177695,36,56
Harheim,8.686362832,50.17104709,36,57
Harheim,8.687124729,50.17100661,36,58
Harheim,8.688073084,50.17102386,36,59
Harheim,8.688688223,50.17126263,36,60
Harheim,8.689279588,50.17166032,36,61
Harheim,8.690264523,50.17241736,36,62
Harheim,8.690958133,50.17328661,36,63
Harheim,8.691591938,50.17443631,36,64
Harheim,8.691764694,50.17498302,36,65
Harheim,8.692114895,50.17564516,36,66
Harheim,8.692612526,50.17590671,36,67
Harheim,8.693129525,50.17597768,36,68
Harheim,8.694112813,50.17601885,36,69
Harheim,8.694481553,50.17613236,36,70
Harheim,8.694877855,50.17642359,36,71
Harheim,8.694952087,50.17673027,36,72
Harheim,8.694852396,50.17704755,36,73
Harheim,8.694657323,50.17730013,36,74
Harheim,8.694312697,50.17785345,36,75
Harheim,8.694206474,50.17812345,36,76
Harheim,8.69426602,50.17836836,36,77
Harheim,8.694493151,50.17862471,36,78
Harheim,8.695110805,50.17903379,36,79
Harheim,8.69548063,50.17912706,36,80
Harheim,8.695799328,50.17900802,36,81
Harheim,8.696276038,50.17880436,36,82
Harheim,8.696797658,50.17868876,36,83
Harheim,8.697239921,50.17883812,36,84
Harheim,8.69733515,50.17904079,36,85
Harheim,8.69699587,50.17959091,36,86
Harheim,8.697437076,50.1798914,36,87
Harheim,8.697703148,50.18026077,36,88
Harheim,8.698047941,50.18070809,36,89
Harheim,8.698251244,50.18097184,36,90
Harheim,8.698590915,50.18106423,36,91
Harheim,8.699020591,50.18112403,36,92
Harheim,8.69990745,50.18104789,36,93
Harheim,8.700964361,50.18077238,36,94
Harheim,8.701866734,50.18048927,36,95
Niederursel,8.589573834,50.1592482,37,1
Niederursel,8.589782996,50.15941175,37,2
Niederursel,8.590865066,50.16029665,37,3
Niederursel,8.592615367,50.15963387,37,4
Niederursel,8.594102687,50.1590974,37,5
Niederursel,8.597676337,50.157871,37,6
Niederursel,8.601330205,50.15717924,37,7
Niederursel,8.602942483,50.15691554,37,8
Niederursel,8.602391301,50.15590008,37,9
Niederursel,8.603743834,50.15568477,37,10
Niederursel,8.605352586,50.15567357,37,11
Niederursel,8.607346599,50.15531135,37,12
Niederursel,8.610700284,50.15488955,37,13
Niederursel,8.620436135,50.15221243,37,14
Niederursel,8.622882816,50.15307607,37,15
Niederursel,8.622517374,50.15448869,37,16
Niederursel,8.622559463,50.15597884,37,17
Niederursel,8.622145307,50.15754579,37,18
Niederursel,8.624737132,50.15800661,37,19
Niederursel,8.626354503,50.15834033,37,20
Niederursel,8.62614415,50.15876636,37,21
Niederursel,8.631020871,50.15983295,37,22
Niederursel,8.634382391,50.16067078,37,23
Niederursel,8.634293674,50.16144859,37,24
Niederursel,8.634194795,50.16417047,37,25
Niederursel,8.633539251,50.16617715,37,26
Niederursel,8.636693078,50.16646081,37,27
Niederursel,8.639020348,50.16645127,37,28
Niederursel,8.640103659,50.16627631,37,29
Niederursel,8.641015943,50.16668796,37,30
Niederursel,8.642009554,50.16774114,37,31
Niederursel,8.644241738,50.16799015,37,32
Niederursel,8.647137678,50.16686081,37,33
Niederursel,8.648837646,50.16610017,37,34
Niederursel,8.65003576,50.1651341,37,35
Niederursel,8.649676455,50.1672211,37,36
Niederursel,8.64997753,50.16789203,37,37
Niederursel,8.651046538,50.16894922,37,38
Niederursel,8.651527085,50.16990693,37,39
Niederursel,8.652334988,50.17142872,37,40
Niederursel,8.650175385,50.17233785,37,41
Niederursel,8.648813215,50.1735312,37,42
Niederursel,8.647874975,50.17500338,37,43
Niederursel,8.647668028,50.17608989,37,44
Niederursel,8.647764404,50.17705545,37,45
Niederursel,8.6438802,50.17543271,37,46
Niederursel,8.639624078,50.17379515,37,47
Niederursel,8.636153795,50.17085324,37,48
Niederursel,8.635327024,50.17174926,37,49
Niederursel,8.635713193,50.17300492,37,50
Niederursel,8.634046445,50.17435378,37,51
Niederursel,8.632729799,50.17499546,37,52
Niederursel,8.630213877,50.17689751,37,53
Niederursel,8.626793988,50.17432292,37,54
Niederursel,8.624955105,50.17276189,37,55
Niederursel,8.621447744,50.17358347,37,56
Niederursel,8.617447894,50.17467609,37,57
Niederursel,8.613991634,50.17688494,37,58
Niederursel,8.617391878,50.18311662,37,59
Niederursel,8.618572885,50.18463643,37,60
Niederursel,8.615719346,50.18353362,37,61
Niederursel,8.615718587,50.18315636,37,62
Niederursel,8.612575311,50.18258315,37,63
Niederursel,8.610115521,50.18233181,37,64
Niederursel,8.607670511,50.18155393,37,65
Niederursel,8.605345448,50.1808109,37,66
Niederursel,8.605597865,50.18046714,37,67
Niederursel,8.606253286,50.1794027,37,68
Niederursel,8.607653249,50.17816693,37,69
Niederursel,8.609403565,50.17713208,37,70
Niederursel,8.610117748,50.17630102,37,71
Niederursel,8.608630383,50.17561931,37,72
Niederursel,8.607613788,50.17509365,37,73
Niederursel,8.606382342,50.17454932,37,74
Niederursel,8.604611601,50.17373114,37,75
Niederursel,8.603368149,50.17242573,37,76
Niederursel,8.602497543,50.17163439,37,77
Niederursel,8.600541789,50.1721431,37,78
Niederursel,8.598619419,50.17272401,37,79
Niederursel,8.596964499,50.17326285,37,80
Niederursel,8.596212657,50.1720661,37,81
Niederursel,8.595511584,50.17099415,37,82
Niederursel,8.594072189,50.16928773,37,83
Niederursel,8.593260563,50.16863492,37,84
Niederursel,8.592164322,50.16733752,37,85
Niederursel,8.590369176,50.16788607,37,86
Niederursel,8.587676943,50.1686402,37,87
Niederursel,8.588336687,50.16543672,37,88
Niederursel,8.588821687,50.16303957,37,89
Niederursel,8.58921166,50.16083167,37,90
Niederursel,8.589573834,50.1592482,37,91
Westend-Süd,8.643805998,50.10918214,38,1
Westend-Süd,8.650095611,50.10962105,38,2
Westend-Süd,8.64994207,50.11057412,38,3
Westend-Süd,8.654225153,50.11085712,38,4
Westend-Süd,8.654350448,50.11204492,38,5
Westend-Süd,8.661503912,50.10905458,38,6
Westend-Süd,8.667964345,50.11127109,38,7
Westend-Süd,8.669321778,50.1123448,38,8
Westend-Süd,8.67107582,50.11519607,38,9
Westend-Süd,8.671183476,50.11672648,38,10
Westend-Süd,8.673048329,50.11672771,38,11
Westend-Süd,8.674763796,50.11690851,38,12
Westend-Süd,8.675204377,50.11722704,38,13
Westend-Süd,8.676435552,50.11811371,38,14
Westend-Süd,8.678245193,50.11774073,38,15
Westend-Süd,8.678987046,50.1178927,38,16
Westend-Süd,8.677672157,50.11979951,38,17
Westend-Süd,8.676460949,50.1203057,38,18
Westend-Süd,8.675651287,50.12086716,38,19
Westend-Süd,8.67225375,50.12099688,38,20
Westend-Süd,8.670484995,50.12156818,38,21
Westend-Süd,8.667724132,50.1223436,38,22
Westend-Süd,8.666062024,50.1229326,38,23
Westend-Süd,8.664734339,50.12351902,38,24
Westend-Süd,8.661824904,50.12312674,38,25
Westend-Süd,8.658319389,50.12318814,38,26
Westend-Süd,8.657332212,50.12589989,38,27
Westend-Süd,8.656337729,50.12592633,38,28
Westend-Süd,8.65542404,50.1264924,38,29
Westend-Süd,8.653380752,50.12578923,38,30
Westend-Süd,8.652409951,50.12503599,38,31
Westend-Süd,8.652437761,50.12437565,38,32
Westend-Süd,8.652970002,50.12341885,38,33
Westend-Süd,8.653382142,50.12257611,38,34
Westend-Süd,8.653741557,50.12146142,38,35
Westend-Süd,8.653849813,50.12003828,38,36
Westend-Süd,8.651313938,50.12018913,38,37
Westend-Süd,8.650348107,50.12034232,38,38
Westend-Süd,8.649206445,50.11692562,38,39
Westend-Süd,8.648692217,50.11692733,38,40
Westend-Süd,8.648231924,50.11652139,38,41
Westend-Süd,8.646890402,50.11572287,38,42
Westend-Süd,8.645966857,50.1139712,38,43
Westend-Süd,8.643612289,50.1141519,38,44
Westend-Süd,8.643805998,50.10918214,38,45
Preungesheim,8.705248064,50.14467265,39,1
Preungesheim,8.70649737,50.14650033,39,2
Preungesheim,8.705548588,50.14838169,39,3
Preungesheim,8.709595611,50.15078205,39,4
Preungesheim,8.708932335,50.15514647,39,5
Preungesheim,8.709532331,50.1559166,39,6
Preungesheim,8.710406442,50.15716066,39,7
Preungesheim,8.712169288,50.1574865,39,8
Preungesheim,8.711531534,50.16040988,39,9
Preungesheim,8.710026076,50.16174611,39,10
Preungesheim,8.708307362,50.16306219,39,11
Preungesheim,8.706872142,50.16398324,39,12
Preungesheim,8.702784049,50.16272424,39,13
Preungesheim,8.702044283,50.16252392,39,14
Preungesheim,8.700257148,50.16258177,39,15
Preungesheim,8.69800249,50.1621559,39,16
Preungesheim,8.696754503,50.16517466,39,17
Preungesheim,8.695348714,50.1649172,39,18
Preungesheim,8.693088905,50.16482186,39,19
Preungesheim,8.692975682,50.16454203,39,20
Preungesheim,8.692810795,50.16426025,39,21
Preungesheim,8.691958092,50.16395345,39,22
Preungesheim,8.68995182,50.16438222,39,23
Preungesheim,8.688021375,50.16419024,39,24
Preungesheim,8.687049581,50.16553023,39,25
Preungesheim,8.682952013,50.16365908,39,26
Preungesheim,8.681260565,50.16509791,39,27
Preungesheim,8.677821647,50.16290173,39,28
Preungesheim,8.680669602,50.16071835,39,29
Preungesheim,8.681694332,50.15965739,39,30
Preungesheim,8.681444147,50.15705554,39,31
Preungesheim,8.683745045,50.15671672,39,32
Preungesheim,8.686006249,50.15512793,39,33
Preungesheim,8.686827299,50.15369206,39,34
Preungesheim,8.688000676,50.15379599,39,35
Preungesheim,8.689067131,50.15237166,39,36
Preungesheim,8.689889711,50.15109445,39,37
Preungesheim,8.691103953,50.15129972,39,38
Preungesheim,8.691974014,50.14866913,39,39
Preungesheim,8.69195323,50.14755021,39,40
Preungesheim,8.692727832,50.1456011,39,41
Preungesheim,8.694325672,50.14431396,39,42
Preungesheim,8.696204988,50.14290911,39,43
Preungesheim,8.69878075,50.14084342,39,44
Preungesheim,8.703472447,50.1432674,39,45
Preungesheim,8.705248064,50.14467265,39,46
Dornbusch,8.684840698,50.13868902,40,1
Dornbusch,8.684716071,50.13908244,40,2
Dornbusch,8.683476543,50.1420501,40,3
Dornbusch,8.677556157,50.14067798,40,4
Dornbusch,8.677249508,50.14116171,40,5
Dornbusch,8.676679442,50.14324047,40,6
Dornbusch,8.676825879,50.14480466,40,7
Dornbusch,8.677633963,50.14614563,40,8
Dornbusch,8.678875845,50.14727743,40,9
Dornbusch,8.677244138,50.14836524,40,10
Dornbusch,8.675905907,50.14977771,40,11
Dornbusch,8.675250146,50.15125446,40,12
Dornbusch,8.674848664,50.15256407,40,13
Dornbusch,8.674905676,50.1540818,40,14
Dornbusch,8.675214465,50.154619,40,15
Dornbusch,8.67671906,50.15728887,40,16
Dornbusch,8.677162507,50.15818917,40,17
Dornbusch,8.675239201,50.15822484,40,18
Dornbusch,8.674875462,50.15709233,40,19
Dornbusch,8.673900772,50.15723893,40,20
Dornbusch,8.673820503,50.15708902,40,21
Dornbusch,8.672859181,50.15726907,40,22
Dornbusch,8.672635313,50.15691047,40,23
Dornbusch,8.671889696,50.15606681,40,24
Dornbusch,8.670995946,50.15692553,40,25
Dornbusch,8.66998375,50.15619015,40,26
Dornbusch,8.669771232,50.15570001,40,27
Dornbusch,8.66951306,50.15523492,40,28
Dornbusch,8.669876871,50.15410923,40,29
Dornbusch,8.668204261,50.15374933,40,30
Dornbusch,8.668079976,50.15396817,40,31
Dornbusch,8.667965498,50.15414237,40,32
Dornbusch,8.666906584,50.15394788,40,33
Dornbusch,8.667424026,50.15296409,40,34
Dornbusch,8.666511358,50.15268215,40,35
Dornbusch,8.667855752,50.15017685,40,36
Dornbusch,8.66679122,50.15001117,40,37
Dornbusch,8.667490874,50.1483509,40,38
Dornbusch,8.666399426,50.14808273,40,39
Dornbusch,8.663574474,50.15044309,40,40
Dornbusch,8.659683487,50.14982547,40,41
Dornbusch,8.660950171,50.14700628,40,42
Dornbusch,8.662857409,50.14415163,40,43
Dornbusch,8.661623315,50.14353982,40,44
Dornbusch,8.662640316,50.14295482,40,45
Dornbusch,8.659452657,50.14014574,40,46
Dornbusch,8.658665918,50.13806946,40,47
Dornbusch,8.658821448,50.13723629,40,48
Dornbusch,8.656206017,50.13709154,40,49
Dornbusch,8.655405442,50.13660333,40,50
Dornbusch,8.655521007,50.13619695,40,51
Dornbusch,8.656978323,50.13614664,40,52
Dornbusch,8.658840723,50.13617167,40,53
Dornbusch,8.661706093,50.13630584,40,54
Dornbusch,8.662917897,50.13629603,40,55
Dornbusch,8.666920602,50.13746557,40,56
Dornbusch,8.670350053,50.13861599,40,57
Dornbusch,8.671452342,50.13591198,40,58
Dornbusch,8.675023673,50.13620672,40,59
Dornbusch,8.676415247,50.1364029,40,60
Dornbusch,8.676274222,50.13685558,40,61
Dornbusch,8.679750594,50.13725594,40,62
Dornbusch,8.680209539,50.13718433,40,63
Dornbusch,8.680713987,50.13651895,40,64
Dornbusch,8.683413409,50.13665999,40,65
Dornbusch,8.684335091,50.13672566,40,66
Dornbusch,8.684840698,50.13868902,40,67
Kalbach-Riedberg,8.617483319,50.18316204,41,1
Kalbach-Riedberg,8.613988296,50.17687892,41,2
Kalbach-Riedberg,8.615420321,50.17595826,41,3
Kalbach-Riedberg,8.617411009,50.17466622,41,4
Kalbach-Riedberg,8.620743276,50.17377818,41,5
Kalbach-Riedberg,8.624978135,50.17275066,41,6
Kalbach-Riedberg,8.627112147,50.17457523,41,7
Kalbach-Riedberg,8.630229611,50.17689003,41,8
Kalbach-Riedberg,8.63565932,50.17304206,41,9
Kalbach-Riedberg,8.635287998,50.17171986,41,10
Kalbach-Riedberg,8.636094585,50.17088492,41,11
Kalbach-Riedberg,8.639638651,50.17379304,41,12
Kalbach-Riedberg,8.647672848,50.17700562,41,13
Kalbach-Riedberg,8.647794924,50.17508933,41,14
Kalbach-Riedberg,8.648313063,50.17429979,41,15
Kalbach-Riedberg,8.648837976,50.17340311,41,16
Kalbach-Riedberg,8.650547354,50.17220181,41,17
Kalbach-Riedberg,8.652317694,50.17143821,41,18
Kalbach-Riedberg,8.655942029,50.17476771,41,19
Kalbach-Riedberg,8.657119593,50.17508062,41,20
Kalbach-Riedberg,8.658803437,50.17542183,41,21
Kalbach-Riedberg,8.659829791,50.17591854,41,22
Kalbach-Riedberg,8.660870398,50.17645309,41,23
Kalbach-Riedberg,8.658996258,50.17779639,41,24
Kalbach-Riedberg,8.657210679,50.17920243,41,25
Kalbach-Riedberg,8.65859499,50.17989491,41,26
Kalbach-Riedberg,8.656240068,50.1812889,41,27
Kalbach-Riedberg,8.654633853,50.18170806,41,28
Kalbach-Riedberg,8.653651549,50.1822192,41,29
Kalbach-Riedberg,8.655289893,50.18315419,41,30
Kalbach-Riedberg,8.656646479,50.18421123,41,31
Kalbach-Riedberg,8.658065896,50.18682265,41,32
Kalbach-Riedberg,8.657321419,50.18938215,41,33
Kalbach-Riedberg,8.653199015,50.19386202,41,34
Kalbach-Riedberg,8.649920321,50.19710938,41,35
Kalbach-Riedberg,8.645262792,50.20114754,41,36
Kalbach-Riedberg,8.643668184,50.20053063,41,37
Kalbach-Riedberg,8.638699378,50.20164363,41,38
Kalbach-Riedberg,8.635834829,50.19746102,41,39
Kalbach-Riedberg,8.633090186,50.19502642,41,40
Kalbach-Riedberg,8.633948097,50.19443933,41,41
Kalbach-Riedberg,8.622705476,50.18799861,41,42
Kalbach-Riedberg,8.620232622,50.18606633,41,43
Kalbach-Riedberg,8.617483319,50.18316204,41,44
Praunheim,8.636543869,50.14381753,42,1
Praunheim,8.636509494,50.14916809,42,2
Praunheim,8.62834224,50.14910577,42,3
Praunheim,8.628268712,50.15063964,42,4
Praunheim,8.627457759,50.15064192,42,5
Praunheim,8.627185251,50.15089303,42,6
Praunheim,8.626779585,50.15173186,42,7
Praunheim,8.62804662,50.15212899,42,8
Praunheim,8.626331355,50.15434871,42,9
Praunheim,8.629799101,50.15545622,42,10
Praunheim,8.632153781,50.15654837,42,11
Praunheim,8.631134152,50.15860692,42,12
Praunheim,8.631657663,50.1594163,42,13
Praunheim,8.631390955,50.1599037,42,14
Praunheim,8.626199245,50.15878773,42,15
Praunheim,8.626413598,50.15834661,42,16
Praunheim,8.624272804,50.15790929,42,17
Praunheim,8.622114558,50.15751914,42,18
Praunheim,8.622529041,50.15589665,42,19
Praunheim,8.622546742,50.15491667,42,20
Praunheim,8.622856923,50.15305566,42,21
Praunheim,8.62038105,50.15222831,42,22
Praunheim,8.615902993,50.15349796,42,23
Praunheim,8.610559651,50.15491193,42,24
Praunheim,8.607423335,50.15527649,42,25
Praunheim,8.605322803,50.15567388,42,26
Praunheim,8.603704214,50.15571282,42,27
Praunheim,8.602397826,50.15589403,42,28
Praunheim,8.595230914,50.14319742,42,29
Praunheim,8.593458312,50.1398543,42,30
Praunheim,8.596175277,50.14091699,42,31
Praunheim,8.597486399,50.14129507,42,32
Praunheim,8.598923774,50.13975352,42,33
Praunheim,8.600967442,50.13796243,42,34
Praunheim,8.602767418,50.13642053,42,35
Praunheim,8.603939485,50.13512617,42,36
Praunheim,8.60430673,50.13395909,42,37
Praunheim,8.605034162,50.13197331,42,38
Praunheim,8.606939142,50.13173144,42,39
Praunheim,8.60941779,50.13182869,42,40
Praunheim,8.610695078,50.13201166,42,41
Praunheim,8.611435938,50.13218088,42,42
Praunheim,8.61258248,50.13244988,42,43
Praunheim,8.613801112,50.13275974,42,44
Praunheim,8.614949554,50.13312428,42,45
Praunheim,8.615901466,50.13342506,42,46
Praunheim,8.61713511,50.13389802,42,47
Praunheim,8.616609259,50.13446884,42,48
Praunheim,8.616168222,50.13502226,42,49
Praunheim,8.61551936,50.13585178,42,50
Praunheim,8.615923539,50.13623169,42,51
Praunheim,8.616616881,50.13607804,42,52
Praunheim,8.617407884,50.13614362,42,53
Praunheim,8.618162324,50.13631089,42,54
Praunheim,8.61778163,50.13674141,42,55
Praunheim,8.617386236,50.1375915,42,56
Praunheim,8.617189485,50.138664,42,57
Praunheim,8.617239296,50.1394669,42,58
Praunheim,8.61770567,50.14057277,42,59
Praunheim,8.61948072,50.14067109,42,60
Praunheim,8.619354066,50.14005332,42,61
Praunheim,8.624466878,50.14016073,42,62
Praunheim,8.624507117,50.14057248,42,63
Praunheim,8.62939982,50.14004824,42,64
Praunheim,8.635134296,50.14205717,42,65
Praunheim,8.635168779,50.14323033,42,66
Praunheim,8.636543869,50.14381753,42,67
Höchst,8.548719911,50.11311354,43,1
Höchst,8.547217616,50.11274943,43,2
Höchst,8.547608053,50.1119183,43,3
Höchst,8.545314984,50.11129583,43,4
Höchst,8.546578868,50.10997408,43,5
Höchst,8.545183777,50.10927106,43,6
Höchst,8.543172006,50.10829819,43,7
Höchst,8.543536691,50.10789432,43,8
Höchst,8.543970905,50.10758212,43,9
Höchst,8.544282548,50.10730187,43,10
Höchst,8.542965214,50.10671943,43,11
Höchst,8.539882237,50.10529175,43,12
Höchst,8.538954734,50.10493338,43,13
Höchst,8.537842153,50.10453493,43,14
Höchst,8.53851063,50.10308009,43,15
Höchst,8.539271544,50.10155051,43,16
Höchst,8.536840068,50.10117492,43,17
Höchst,8.535139952,50.10071765,43,18
Höchst,8.533388055,50.10014233,43,19
Höchst,8.532215576,50.09972521,43,20
Höchst,8.525628111,50.09671469,43,21
Höchst,8.523453122,50.09565862,43,22
Höchst,8.521598173,50.09478117,43,23
Höchst,8.519992088,50.09403882,43,24
Höchst,8.517276224,50.09160209,43,25
Höchst,8.516858253,50.09122998,43,26
Höchst,8.513887998,50.08848522,43,27
Höchst,8.513735478,50.08835106,43,28
Höchst,8.513699786,50.08807471,43,29
Höchst,8.5136736,50.08778682,43,30
Höchst,8.514029652,50.08712232,43,31
Höchst,8.514366366,50.08652918,43,32
Höchst,8.51480037,50.08554171,43,33
Höchst,8.515242074,50.08527205,43,34
Höchst,8.51629334,50.08534721,43,35
Höchst,8.516897459,50.08474723,43,36
Höchst,8.519289583,50.08211465,43,37
Höchst,8.522135143,50.08092002,43,38
Höchst,8.523129535,50.08218243,43,39
Höchst,8.523985338,50.08328141,43,40
Höchst,8.52599927,50.08508923,43,41
Höchst,8.526629437,50.08550284,43,42
Höchst,8.529092003,50.08709887,43,43
Höchst,8.529235235,50.08716815,43,44
Höchst,8.534042498,50.08958544,43,45
Höchst,8.534504147,50.08916215,43,46
Höchst,8.536303018,50.0900841,43,47
Höchst,8.537340101,50.09054257,43,48
Höchst,8.542583442,50.09293644,43,49
Höchst,8.544085861,50.09401105,43,50
Höchst,8.546224766,50.09575814,43,51
Höchst,8.548979301,50.09771141,43,52
Höchst,8.55036173,50.09843977,43,53
Höchst,8.551599826,50.09941851,43,54
Höchst,8.553657263,50.10015111,43,55
Höchst,8.555384803,50.10088788,43,56
Höchst,8.555281151,50.10216612,43,57
Höchst,8.558018015,50.10356693,43,58
Höchst,8.561818551,50.10373128,43,59
Höchst,8.563583641,50.10380693,43,60
Höchst,8.565581133,50.10386571,43,61
Höchst,8.565201351,50.10575248,43,62
Höchst,8.565219634,50.10660464,43,63
Höchst,8.56537828,50.10715862,43,64
Höchst,8.565679463,50.10770468,43,65
Höchst,8.566299469,50.10837407,43,66
Höchst,8.56676197,50.10872217,43,67
Höchst,8.567307371,50.1089404,43,68
Höchst,8.567138628,50.10918646,43,69
Höchst,8.56661913,50.11028682,43,70
Höchst,8.564834912,50.11021082,43,71
Höchst,8.56374259,50.10917027,43,72
Höchst,8.557827157,50.11350131,43,73
Höchst,8.556773462,50.1124698,43,74
Höchst,8.555309539,50.1114454,43,75
Höchst,8.553547843,50.10994778,43,76
Höchst,8.552920463,50.10972377,43,77
Höchst,8.552200085,50.10971349,43,78
Höchst,8.551550177,50.10987505,43,79
Höchst,8.5516769,50.11025646,43,80
Höchst,8.551442338,50.11028562,43,81
Höchst,8.553670274,50.11532611,43,82
Höchst,8.548291663,50.11471192,43,83
Höchst,8.548719911,50.11311354,43,84
Sossenheim,8.597445213,50.11697323,44,1
Sossenheim,8.595850479,50.11937862,44,2
Sossenheim,8.59431684,50.12159838,44,3
Sossenheim,8.591200613,50.12622012,44,4
Sossenheim,8.590272617,50.12854008,44,5
Sossenheim,8.587358179,50.1297808,44,6
Sossenheim,8.584058888,50.13085942,44,7
Sossenheim,8.581956322,50.13275029,44,8
Sossenheim,8.580849715,50.13441099,44,9
Sossenheim,8.552097624,50.12240758,44,10
Sossenheim,8.551614735,50.11509906,44,11
Sossenheim,8.553668406,50.11531648,44,12
Sossenheim,8.551447667,50.11029221,44,13
Sossenheim,8.5516791,50.11026036,44,14
Sossenheim,8.551549719,50.10988257,44,15
Sossenheim,8.552205951,50.10971275,44,16
Sossenheim,8.552923204,50.10972708,44,17
Sossenheim,8.553568785,50.10996029,44,18
Sossenheim,8.555332689,50.11147505,44,19
Sossenheim,8.556744557,50.11244551,44,20
Sossenheim,8.557828882,50.11349551,44,21
Sossenheim,8.56374388,50.10917395,44,22
Sossenheim,8.564837844,50.1102139,44,23
Sossenheim,8.566613551,50.11028153,44,24
Sossenheim,8.567149314,50.10916756,44,25
Sossenheim,8.56730454,50.1089523,44,26
Sossenheim,8.568428292,50.10901718,44,27
Sossenheim,8.569852258,50.10872291,44,28
Sossenheim,8.571284664,50.1086084,44,29
Sossenheim,8.572414032,50.10883468,44,30
Sossenheim,8.575059983,50.11007912,44,31
Sossenheim,8.577464574,50.11130094,44,32
Sossenheim,8.579583168,50.11199167,44,33
Sossenheim,8.582690041,50.11240898,44,34
Sossenheim,8.586214692,50.11277168,44,35
Sossenheim,8.588987053,50.11316457,44,36
Sossenheim,8.592138189,50.11380001,44,37
Sossenheim,8.593397884,50.11412816,44,38
Sossenheim,8.598368065,50.115459,44,39
Sossenheim,8.597445213,50.11697323,44,40
